uid0	123,114,135
uid1	41,44,113,42,40,114,135,107,102,127,133,120,121,123,5
uid2	12,58,9,41,44,123,114,40,113,107,102,117,127,133,42,120,121,109,111,65,125,122
uid3	66,41,44,113,40,34,123,114,107,102
uid4	114,123
uid5	123,114
uid6	123,5,8,40,65,125
uid7	41,44,113,42,40,121,64,11,25,119,114,109
uid8	113,40,42,41,102,128
uid9	125,119,132,133,109,40,44,25,12,57,123,121,120,55
uid10	123,114
uid11	65,40,123
uid12	41,44,113,42,40,7,70,11,25,123,136,102,107,126,127,133,120,121,109,65,125,128,132,114,117
uid13	41,44,40,113,102,127,100,109
uid14	12,102
uid15	56,58,12,102
uid16	109,57,56,102
uid17	66,25
uid18	66,9,25
uid19	5,6,8,109,102
uid20	8,148,51,109,102
uid21	8,5,109,102,9
uid22	50,54,62,109,102
uid23	2,66,109
uid24	108,66,109
uid25	37,109
uid26	135,123,42,19,67
uid27	114,135,41,42,64,65,44,31,66,109,67,1,74,112
uid28	123,114,40,42,65,64,117,121,44,21,66,108,109,67,127,125
uid29	114,135,123,42,41,40,65,64,44,117,66,108,109,67,3,144,142,74,112,125
uid30	65,135,114,123,41,40,42,117,44,66,108,109
uid31	66,109
uid32	135,114,40,42,41,65,64,44,121,31,66,109,127,143,74,92,112,125,116
uid33	42,41,40,135,123,114,65,44,121,117,31,29,105,66,109,127,1,67,74,112,125
uid34	135,114,123,41,42,40,65,44,121,66,109,127,74,92,140,112,125
uid35	66
uid36	41,42,40,121,135,114,123,117,44,65
uid37	40,121,42,123,135,114,65,117
uid38	114,135,123,42,65,117,44,121,66,109,127,67,74,140
uid39	148,128
uid40	128,37,34,145,48
uid41	66,148,114,123,107,128,9,11,37
uid42	114,123,102,128,37,11
uid43	139,114,123,9,128
uid44	117,102,120,44,121,53,50
uid45	42,114,123,65,121,41,117,44
uid46	40,114,135,123,42,121,65,19,64,117,66
uid47	114,42,40,41,65,44,121,29,66,109,127,74,125
uid48	40,42,135,114,65,64,44,117,121,31,66,108,109,118
uid49	40,42,64,65,114,135,123,121,44,66,109
uid50	42,41,123,114,135,117,121,65,44,64,66,108,109
uid51	64,40,42,123,114,44,121,117,66
uid52	113,41,44,40,121
uid53	123,114,40,42,109,119,44,121,41,39
uid54	123,114,135,40,42,109,44,121,117,41,39
uid55	123,114,135,40,42,109,119,44,121,117,41,39
uid56	135,40,42,123,114,109,119,44,121,117,41
uid57	56,57,109,102,127
uid58	114,123,135,40,109,119,44,117,121,41
uid59	123,114,40,135,109,119,44,121,117,41,39
uid60	109,56,57,58,12,102
uid61	56,57,102
uid62	56,12,102
uid63	109,12,14,5,102
uid64	56,102
uid65	57,55,12,102
uid66	56,12,102
uid67	12,102
uid68	12,102
uid69	109,56,102,127
uid70	40,123,42,65,66,1
uid71	109,57,56,102,127,131
uid72	109,57,56,102,127,141
uid73	109,57,102
uid74	56,102,127,126
uid75	109,56,102,127
uid76	56
uid77	56,102
uid78	113,40,41,107,109,120,44,66,102,128,127,12
uid79	120,117,121,102,44
uid80	120,44,102
uid81	109,56,57,102,127
uid82	41,44,113,102,127
uid83	41,44,113,102
uid84	65,107,102,120,44,117,123,114,40,66
uid85	65,107,102,120,44,117,123,114,40,66
uid86	65,107,102,120,44,117,114,135,40,66
uid87	65,107,102,120,44,117,123,114,40,66
uid88	65,107,102,120,44,117,114,40,66
uid89	65,107,102,120,44,117,123,135,114,40,66
uid90	65,102,120,117,44,135,123,40,66
uid91	25,22,127
uid92	25,22,127,124,139
uid93	41,44,113,102
uid94	65,107,102,120,44,117,40,135,123,66
uid95	65,107,120,102,44,40,66
uid96	65,107,102,120,44,117,123,40,66
uid97	133,119,125,109,88,10
uid98	133,119,125,109,131,25,12,14
uid99	133,132,119,125,109,111,44,25,9,12,14
uid100	119,125,133,88,12,14,26,57,135,114,120,121
uid101	133,119,125,132,109,128,131,25,12
uid102	119,125,109,44,128,7,12
uid103	133,119,125,109,44,128,83,7,25,9,12,56,114,123,120,121
uid104	40,123,44
uid105	40,134,44,102
uid106	40,42
uid107	120,121,102,44
uid108	120,117,121,102,44
uid109	125,109,44,6,14,12,9,25,27,55,123,120,121
uid110	133,64,132,125,109,44,25,12,56,57,58,114,120,121
uid111	133,64,132,119,125,109,17,6,25,12,26,55,123,120,121
uid112	132,119,125,109,111,133,6,25
uid113	133,64,132,119,125,109,44,111,83,25,12,14,135,114,121,120
uid114	65,102,120,44,117,123,114,40,66
uid115	74,66
uid116	123,40,42,65,66,1
uid117	123,40,65,66
uid118	123,40,114,42,65,66
uid119	114,40,65
uid120	123,40,42,65,66
uid121	123,114,40,65,66
uid122	114,123,40,65,66
uid123	114,123,40,65,66,67
uid124	65,125,26,27,12,14,102,127,114,74,3,144,142
uid125	65,125,26,132,12,14,4,102,127,114,58
uid126	65,107,102,120,44,117,123,135,40,66
uid127	57,56,102,127,131
uid128	109,57,102,56,127
uid129	56,102,131,127
uid130	109,57,102,56,127
uid131	102
uid132	65,125,12,102,127
uid133	65
uid134	119,44,121,117,41
uid135	123,114,40,109,119,44,121,117,41
uid136	40
uid137	40,42,123,114,136
uid138	40,42,114,123,136
uid139	40,42
uid140	40,42,114,123,64
uid141	40,42
uid142	40
uid143	40,42,114,123,136
uid144	40,42,114,136
uid145	40,42,114,123
uid146	40,42,123,114
uid147	55,58,56,57,12,14,102
uid148	56,102
uid149	40
uid150	56,57,102,109,127
uid151	135,123,26,40,66,119
uid152	65,109
uid153	123,114
uid154	114,65,38,123,91,109,127,111,125,128,119,121,66
uid155	114,135
uid156	123,117,121,65,114,91,125,128,119,135,109,66
uid157	114,128,121,102
uid158	114,117,65,38,98,102,121,123,127,125,128,119,135
uid159	114,121,65,130,38,36,102,126,127,128,119,135
uid160	114,117,121,65,38,33,102,30,127,125,119,128,135
uid161	102
uid162	122,102
uid163	122
uid164	102
uid165	102,127,122
uid166	102
uid167	102
uid168	148,128,48
uid169	102,11,44,40
uid170	66,9,25
uid171	41,44,113,40,42
uid172	
uid173	72
uid174	66,74,125
uid175	113,40,42,41,102,121,44,107,109,128
uid176	113,40,41,102,44,121,117,107,109
uid177	113,40,42,41
uid178	40,120
uid179	40,42,120,133,109,44,121,117,102,41,107
uid180	110,40
uid181	110,40
uid182	40,120,107,41
uid183	40,41,44,120
uid184	40,42,133,120,109,44,121,117,102
uid185	40,120,133,109,44,121
uid186	110,40,42,120,109,44,121,117,102
uid187	40
uid188	135,114,40,44,41,102
uid189	114,123,44,107,102,40,41,133
uid190	114,123,40,44,121,102
uid191	114,40,44
uid192	135,114,40,25
uid193	135,114,40,41,44,113
uid194	40,114,44,102,121,36,78,62,66,124
uid195	114,40,42,44,121,117,102
uid196	135,114,40
uid197	135,114,40,117
uid198	114,40,42,117,140,121
uid199	40,120,44,102,132
uid200	66,67,1
uid201	40,44,121,117,48
uid202	123,135,40,66
uid203	40,123,121,117,44
uid204	66,12,25,26,27,14
uid205	26,57,25,12,14,66
uid206	128,122,42,130,100
uid207	128
uid208	113,40,121,44,109
uid209	102
uid210	66,67
uid211	66,67,1
uid212	66,67
uid213	102,44
uid214	128,138,40,100,109
uid215	40,123,42,44,102,121
uid216	114,40,41,44,113,107,102,42,133,121,65,134,122,128
uid217	40,114,123,44,102,117,95,60,66
uid218	40,123,42,44,102,121,117,36,66
uid219	40,123,60,44,102,121,117,66
uid220	123,40,41,44,113,107,102
uid221	123,40,41,44,113,107,102,42,133
uid222	110,40,42,133,120
uid223	107,102,84
uid224	102
uid225	107,102
uid226	102
uid227	107,102
uid228	114,40,42
uid229	107,102
uid230	40,42,107,102,44,121,110
uid231	40,42,121,44,102,112
uid232	40,102
uid233	40,44
uid234	40,42,121,107,102
uid235	40,42,138,44,121,110,66,1,102,107
uid236	66,56,12,14,25
uid237	12,14,26,66,25,58
uid238	40,121,44,107,102
uid239	40,44,107,102
uid240	
uid241	128
uid242	128,122
uid243	128
uid244	128
uid245	65,125,132,148,12,14,130,102,127,74
uid246	
uid247	125,65,26,12,14,74
uid248	41,44,117,135,0,25,24
uid249	102,129,18
uid250	41,44,121,135,25,24,129
uid251	41,44,117
uid252	128,147,18
uid253	41,44,121,135,25,24
uid254	102
uid255	40,114,102,121,117,66,124
uid256	40,114,135,44,102,121,34,124
uid257	40,114,44,102,121,36,62
uid258	40,123,114,42,44,102
uid259	40,114,123,42,135,44,102,121,117,66,124
uid260	40,41,44,113
uid261	40,42
uid262	58,74,147,16
uid263	74,147,146,145,15
uid264	74,17,147
uid265	66,147,148
uid266	
uid267	
uid268	74,143,66,16,147
uid269	74,66,146,148,147,145
uid270	66,74
uid271	65,140,66,135
uid272	64,65,140,66,114,40,44,113,102,117,144
uid273	44
uid274	44
uid275	44
uid276	44
uid277	44
uid278	44
uid279	44
uid280	44
uid281	44
uid282	44
uid283	44
uid284	44
uid285	44
uid286	44
uid287	44
uid288	44
uid289	44
uid290	
uid291	44
uid292	44
uid293	44
uid294	44
uid295	44
uid296	44
uid297	44
uid298	44
uid299	44
uid300	44
uid301	44
uid302	44
uid303	44
uid304	44
uid305	44
uid306	44
uid307	44
uid308	74
uid309	40,120
uid310	40,107,136
uid311	65,140,66,135,40,44,113,116
uid312	74,40,113
uid313	133,119,109,111,44,40,7,25,12,14,26,123,121
uid314	114,123,40,44,113,107,102,42
uid315	114,135,40,44,113,107,102,42,133
uid316	40,44,102
uid317	123,40,42,121,102,44
uid318	40,42,44,102,121,123
uid319	41,44,117,121
uid320	41
uid321	40,121,117
uid322	123,40,42,44,121,117,102
uid323	114,123,40,44,121
uid324	114,40,44,121,102
uid325	123,40,42,44
uid326	44,121
uid327	123,40,42,44,121,102
uid328	102
uid329	41
uid330	44,41
uid331	41,44,121,102,128
uid332	41,44,39,117,121,128
uid333	41,44,117,121,128,127,102
uid334	44,117
uid335	44,41
uid336	41,44,121
uid337	41,44,117,121
uid338	41,44,128
uid339	44,41,39,128
uid340	135
uid341	135
uid342	135
uid343	135
uid344	135
uid345	135
uid346	135
uid347	135
uid348	135
uid349	114,40,117,121
uid350	102,5,107
uid351	102,25,5,7
uid352	102,42,64,25,5,107
uid353	44,122
uid354	44
uid355	44,122
uid356	40,44,102,117
uid357	40,44,102
uid358	44,40,102
uid359	40,44,102
uid360	40,44,102,121
uid361	40,44,102,121
uid362	40,114
uid363	114,40,42
uid364	114,40,41
uid365	135,114,40,41,44,107,102
uid366	114,40,44,41,107,102
uid367	123,40,41,44,102
uid368	135,114,40,44,107,102,25,5,17
uid369	135,123,114,40,41,25
uid370	123,114,40,25
uid371	114,40,25
uid372	123,40,41
uid373	114,123,41
uid374	135,123,40,42,44,107,102
uid375	123,135,114,40,44,107,102
uid376	114,40,42,107,102,44
uid377	123,114,40,44,107,102
uid378	135,114,40,44,107,102
uid379	123,135,40,44,107,102
uid380	114,123,40,42,44,107,102
uid381	114,40,44,102
uid382	114
uid383	114,40,41
uid384	40,44,102,117,121,128,112
uid385	
uid386	
uid387	25
uid388	25
uid389	25
uid390	25
uid391	40,44,102,121,128
uid392	40,44,102,117
uid393	40,44,102,117,121,128
uid394	40,44,102,110,112,26
uid395	25
uid396	102,113,44
uid397	102,113,44
uid398	25
uid399	102,25,5
uid400	
uid401	25
uid402	25
uid403	66
uid404	40,66
uid405	66
uid406	25
uid407	123,40
uid408	109,102
uid409	109,122
uid410	109,102,122
uid411	109,102
uid412	109,102
uid413	109
uid414	109,102
uid415	109,102
uid416	109,122,102
uid417	109,102
uid418	109,102
uid419	109,122
uid420	109,102
uid421	109,102
uid422	109,102
uid423	109
uid424	123,114,40
uid425	114,40
uid426	114,40,41
uid427	40,102,68,89,76
uid428	102
uid429	123,114
