uid0	7,34,9,31,43,4,47,24,33,35,39,15,32,55,50,38,18,26,3,44,40,13,8,48,42,0,17,41,19,52,21,2
uid1	24,33,26,41,44,14,40,34,42,32,50,5
uid2	41,35,1,27,0,13,31,55,4,46,37,18,52,34,6,42,49,10,26,14,30,19,11,15,20,17,16,43,39,36,8,53,3,7
uid3	34,42,41,35,4,19,52,32,33,21,39,0,29,37,27,36,24,18,25,53,20,26,13,12
uid4	24,14,7,29,52,13,34,9,43,6,4,10,42,11,41,18,31,27,1,35,55,37,33,8,49,26,47,28,0,19,32,15,2,30,50,53,20,3,12,45,39,51
uid5	44,4,8,33,46,27,6,24,31,41,3,35,26,49,36,20,39,17,18,13,32,56,48,34,10,5,52,40,0,29,7,15,37,42,43,38,30,47,55,11,53
uid6	2,13,35,15,42,43,33,32,20,14,54,8,6,34,52,7,49,10,41,31,4,26,1,47,24,50,0,37,16,27,29,45,30,18,19,55,53,28,11,17,9,39,46,36
uid7	26,13,15,24,0,35,36,10,31,8,43,39,53,33,44,4,51,46,6,7,27,47,32,20,30,41,3,34,12,29,19,11,16,1,18,17,42,56,52
uid8	40,10,24,39,17,18,42,13,32,26,56,7,3,15,35,37,41,6,4,31,43,27,8,38,48,34,44,30,20,47,33,45,53,46
uid9	16,6,47,32,31,26,39,50,41,34,35,7,3,43,10,18,40,44
uid10	31,41,3,27
uid11	15,24,31,32,0,36,35,3,13,26,10,41,8,6,39,46,2,51,48,52,5,27,40,7,37,42,16,44,17,9,33,43,49,4,1,47,34,29,28,14,18,30
uid12	48,47,23,30,31,32,0,37,8,39,55,19,34,43,3,13,4,33,44,1,6,35,41,20,27,49
uid13	33,21,20,32,47,16,31,29,26,23,41,35
uid14	26,44,0,16,39,1,27,43,17,6,18,24,42,32,56,34,7,48,5,37,35,3,31,47,4,2,19,53,52,41,13,14,33,11,21
uid15	7,9,34,43,24,52,10,4,46,16,37,31,18,15,6,42,49,41,26,1,0,19,28,32,33,30,2
uid16	30,33,42,21,14,27,3,34,18
uid17	34,16,9,43,39,4,13,55,53,31,26,20,49,41,17,7,27,47,32,30,3,29,8,19,51,11,6
uid18	7,47,32,27,20,30,41,3,34,24,26,12,33,48,52,5,10,38,31,40,29,8,1,19,16,13,35,0,18,55,37,50,4,6,46,39,43,44,15,2,42,14,54
uid19	34,48,7,10,52,5,32,38,31,17,18,42,13,56,35,3,47,43,44,37,27,46,0,4,24,6,30,33,20,8,45,29,55,22,53,26,2,41
uid20	32,24,14,29,16,13,7,9,43,46,4,41,18,35,52,34,6,8,42,27,49,10,26,47,5,38,31,40,20,30,12,53,11,19
uid21	19,34,0,47,4,31,33,27,38,32,14,24,7,29,16,13,5,3,9,43,44,52,6,10
uid22	5,33,32,6,52,20,39
uid23	42,11,29,31,3,32,24,39,18,21,26,48,34,52,10,5,38,27,41,40,1,14,7,19,16,13,33,6,8,4,37,22,0
uid24	31,41,30,51,3
uid25	46,16,3,22,0,7,27,33,39,42,34,52,35,41,32,31,26,36,18,50,43,29,6
uid26	29,8,19,53,41,13,26,0,15,24,31,3,10,35,11,27,43,39,33,4,51,46,34,7,5,52,38,32,40,47,20,12
uid27	27,47,20,3,30,1,44,0,18,43,33,34,2,14,41,55,29
uid28	21,34,29,16,23,20,26,53,32
uid29	1,31,13,4,41,18,52,46,8,6,33,55,32,37,9,16,53,26,49,5,24,44,7,47,27,20,30,3,51,11,42,43,35,10,0,34,40
uid30	43,11,13,31,36,24,35,27,4,5,47,55,26,20,41,14
uid31	3,33,6,5,32,14,24,27,31,7,16,13,19,47,0,38,42,11,29,34,9,10,1,35,55,46,26,37,18,41,54,52,8,4,49,43,30
uid32	42,11,31,3,32,15,13,35,2,33,14,54,24,50,41,34,52,26,6,19,29
uid33	27,30,40,31,14,29,13,4,18,33,8,3,43,35,2,41,1,0,50,19,34,39
uid34	29,42,32,1,43,39,30,27,55,35,52,34,8,6,7,31,10,4,26,33,45,37,17,28,19,14,0,18,15,2,36,53,46,11,16,20,13,9,24,41,3
uid35	18,41,27,55,42,33,32,26,0,15,31,13,36,35,8,19,37,34,46,53,11,10,50,52,43,6,3
uid36	24,47,6,10,44,20,27,33,52,0,19,29,18,37,13,32,46,45,17,56,30,41,51,4,39,43
uid37	17,18,42,21,13,32,26,56,44,16,0,1,27,39,43,47,29,41,6,48,34,5,52,7,10,38,31,40,3,35,37,33,4,30,20,8,45,15,24,46,22,11,14,19
uid38	24,39,18,42,32,26,7,3,35,37,13,41,4,31,44,47,46,15,34,40,33,27,22,0,43,6,8,38,52,48,11,53,17
uid39	43,39,4,19,26,46,34,36,11,53,20,33,0,31,27,35,6,32,41,18,52,54,42,29,1,13,55,37,50,3,5,47,15,24,7
uid40	26,31,41,11,42,3,32,33,46,18,13,1,39,50,53,44,47,24,34,55
uid41	42,34,9,6,31,3,2,32,10,27,50,1,13,55,46,24,52,8,7,18,38
uid42	46,26,27,37,50,13,31,18,1,35,4,52,34,6,8,7,49,10,41,47,15,42,43,33,20,30,14,54,39,24,0,32,55,3,29,17,11,16,9,19,53,44,21,2
uid43	0,44,27,26,47,33,37,35,3,32,52,23,31,17,22,7,39,24,46,42,43,13,30,18
uid44	42,11,29,31,3,32,35,33,46,0,1,37,10,54,41,18
uid45	47,41,17,6,39,42,18,21,32,56,48,34,10,52,5,38,31,40,44,37,23,7,3,35,30,33,43,20,27,8,45,24,46,55,22,0,13,4,19,11,53,12,14
uid46	4,37,26,34,16,43,9,39,33,55,13,53,52,41,31,49,20,7,30,32,47,27,24,3,12,29,8,19,51,11
uid47	17,41,31
uid48	52,34,6,8,42,27,7,10,41,4,26,31,28,19,14,0,18,33,15,30,2,35,53,50,32,47,20,3,12
uid49	46,39,27,8,35,6,32,29,42,43,14,18,30,41,55,33,37,31,10,50,0,16,15,13,20,54,34,4,26,24,47,40,48,52,44,11,17,7,45
uid50	34,27,0,13,35,31,1,55,4,18,37,3,33,39,10,11,53,50,26,14,52,15,24,36,41,8,46,19,32,29,44,42,43,20,47,12,30,7,5,51,6
uid51	6,32,27,10,43,33,13,7,3
uid52	42,41,52,34,35,4,19,32,44,18,31,3,29,33,27,50,47,16,26,23,5,11,21,39,6,2,20
uid53	31,51,2,6,32,0,27,26,1,18,39,43,47,17,29,48,34,7,52,10,5,38,40,24,42,30,33,20,44,8,3,35,37,13
uid54	18,19,41,6,35,2,32,31,27,0,8,39,47,55,21,34,5,36,24,25,52,26,50,29,38,43,51,30,15,4,49,46,20,48,45,44,33
uid55	47,32,16,31,26,39,41,35,30,21,42,6,2,20,34,3,19,18,51,50,29,27,48,40,10,43,38,36,24,25
uid56	46,32,11,43,26,50,3,15,41,31,34,5,27,4,40,33,42,55,19,39,52,14,6,18,13,48,44,21,20,35,0,29,30,10,37,17,47,36,24,25,51
uid57	31,50,19,8,34,35,0,41,27,29,1,33,6,32,7,42,10,49,26,37,20,16,17,43,55
uid58	28,19,0,14,32,18,43,33,15,30,10,2,29,35,11,26,50,53,52,7,13,27,47,20,34,3,24,12,48,5,38,31,40,4,37,41,42,6,8,45
uid59	1,0,27,39,43,47,17,41,29,6,8,51,19,53,11,48,52,5,10,31,4,33,42,13,26,56,7,3,35
uid60	20,3,41,24,27,29,51,19,53,11,13,43,8,44,26,0,1,39,18,47,6,17,42,21,32,56,48,34,52,7,10,5,31,40,37,35,33,4,30,46,15,38,14
uid61	52,31,0,33,43,39,6,4,26,13,19,34,46,36,53,11,41,47,27,15,3,35,7,32,30,20,12,42,55,8
uid62	31,37,27,17,53,8,26,49,6,32,2,0,43,50,3,19,35,47,4,42,29,34,16,13,33
uid63	52,34,6,42,8,26,31,10,4,41,1,7,43,9,44,46,32,24,14,27,13,30,18,3,35,33,54,47,37,36,0,11,53,50,19,29,38,20,51
uid64	0,31,26,46,8,53,36,33,37,4,13,2,32,44,10,35,42,14,3,20,41,12
uid65	53,41,19,51,43,6,8,29,13,11,47,48,7,34,38,10,5,52,27,32,31,40,3,35,42,37,4,26,44,0,1,39,18,17,30,20,33,45,24,21,56,46,15,2
uid66	18,29,33,27,17,50,32,21,42,39,6,20,47,16,31,26,41,30,0,52,23,15,48,40,10,44,37,4,3,43,7,8,38,13,34,24,36,46,25,49,45,35,2,19,51,12
uid67	7,13,47,27,32,30,20,34,3,24,12,33,10,43,6,8,48,22,0,53,46,31
uid68	32,24,14,27,31,7,16,42,11,29,30,2,35,34,9,4,43,44,6,10,46,37,50,41,18,13,26,52,3,1,8,49,15,33,20,54,45,19,39,0,36
uid69	10,0,41,35,31,8,27,39,43,53,37,33,4,46,6,24,42,32,26
uid70	24,14,27,31,7,29,52,13,34,4,43,46,44,6,10,42,11,3,30,2,32,35,41,18,54,1,0,55,8,49,26,50,53,19,47,20,12,33,48,5,38,40,51,37
uid71	4,41,18,35,52,54,31,33,27,46,36,53,7,43,39,44,51,8,10,6,26,47,21,32,56,42,17,13,24,0,3,15,38
uid72	52,34,6,8,42,27,10,49,41,31,4,26,1,13,35,15,33,43,2,20,30,14,54,18,19,55,29,39,50,32,16,45,37,17,28,3,47
uid73	31,40,39,43,53,33,44,8,4,51,46,0,27,6,10,26,1,17,29,18,42,13,56,7,35,37,30,47,20,23,38,48,32,24,55,22,11,41,34,52,19
uid74	10,26,33,50,52,0,7,34,31,43,47,27,13,20,32,30,3,41,12,29,8,19,53,24,4,9,6,14,11,35
uid75	27,43,6,13,47,30,20,41,34,3,24,12,33,29,8,19,53,51,11,39,18,17,42,32,26,4,52,54,31,38,48,44,10,14,55,7,35
uid76	4,16,17,9,43,39,13,53,8,52,31,41,26,7,27,20,30,3,12,33
uid77	6,8,29,32,41,11,53,43,13,19,52,0,34,24,36,18,25,26,27,14
uid78	33,27,37,30,35,10,14,52,19,15,32,4,43,34,39,36,13,0,31,24,41,47,26,20,5,3,6,42
uid79	5,19,8,0,4,33,47,34,31,38,35,27,24,32,14,13,15,43,2,42,20,30,54,37,50,46,7,44,9,10,6,52,16,41,55,3
uid80	10,35,26,53,50,19,52,4,33,11,15,48,34,7,5,31,32,41
uid81	27,19,13,6,31,32,47,16,26,39,41,30,50,21,34,24,36,18,48,40,10,43,29,35,7,51,44,38
uid82	32,44,10,29,35,11,33,26,50,53,14,19,52,0,31,5,3,27,4,24,40,34,37,20,16,17,9,39,43,13
uid83	5,34,35,33,47,38,1,14,32,24,27,31,7,13,18,37,3,42,11,9,43,4,10
uid84	28,19,31,0,33,6,18,32,10,15,30,2,11,52,4,26,20,16,17,55,13,24,35,36,8,7,47,27,3,12,51,43,1,39,29,42,21,41,23,48,40,34,46
uid85	38,10,31,29,8,51,32,19,41,53,11,43,6,13,7,35,37,42,33,4,30,47,20,27,44,24,15,0,22,50,34,18,3,48,46,52,21,14,5
uid86	40,7,35,29,8,51,41,11,43,13,6,19,32,16,10,31,42,4,33,37,3,15,27,47,30,20,34,24,12,26,53,0,44,23
uid87	37,6,52,32,31,14,5,27,33
uid88	5,3,24,40,34,33,44,32,53,26,31,49,19,8,47,4,27,1,35,0,13,18,55,37,50,10,29,11,15,36,41
uid89	19,43,53,8,26,1,39,18,47,17,41,6,42,21,32,48,7,34,52,5,10,38,31,40,3,13,35,37,4,44,0,30,33,27,20,24,46,22,11
uid90	6,13,43,24,10,27,46,42,4,11,15,26,34,16,9,33,32,29,44,50,14,19,3,47,41,40,17
uid91	32,4,11,37,20,39,13,33,55,7,3,35,6,42,10,31,0,52
uid92	19,8,5,34,0,33,47,31,4,38,27,41,18,35,52,54,42,29,46,16,26,37,50,32,24,3,15,7,48,10,6,55
uid93	6,27,8,48,13,7,47,3,24,12,11,46,32,31,43
uid94	5,47,3,4,24,27,34,40,33,44,35,32,43,39,53,31,37,8,51,0,46,6,10,26,15,13,36,41
uid95	8,19,51,53,43,6,44,26,16,1,39,18,47,41,27,0,11,17,32,29,13,24,42,21,56,48,7,34,52,5,10,31,40,15,3,35,37,4,30,33,20,38,46,2
uid96	52,34,6,42,27,7,10,41,4,31,26,49,14,18,30,47,55,19,35,29,32,1,43,39,33,28,15,2,37,46,11,36,53,50,13,0,24,3,8,20,12,17
uid97	19,8,34,35,0,4,27,32,24,14,31,7,29,52,13,18,3,33,5,42,11,30,9,43,6,46,53,26,20,49,17,47,40,15,36,41
uid98	41,42,52,35,3,24,39,34,50,32,46,16,0,37,29,33,1,27,43,4,10,17,8,6,31,45,30,26,36,20,11,13,7,47,15,5,53,55,19,18,14,12,44,40
uid99	27,42,32,1,43,10,29,26,6,53,48,34,52,31,39,7,20,30,41,3,12
uid100	2,21,6
uid101	53,43,41,11,8,31,2,6,32,0,44,26,27,1,18,47,29,48,34,7,5,52,10,38,40,55,3,37,42,39,17,56,16,4,13,30,20
uid102	19,37,34,46,36,11,53,8,20,33,32,43,26,6,50,3,15,31,47,17,4,48,35,52,18,24,27,49,45
uid103	8,44,3,7,35,6
uid104	33,6,3,47,42,34,40,44,43,37,46,0,26,2,41,52,13,19,18,17,27,8,48,53,11,31,32,21,24,25,20,16,39,30,49,7
uid105	42,11,29,31,30,32,33,1,43,39,10,27,8,26,53,3,41,34,35,4,7,20,47,52,48,40,6,24,46,55
uid106	32,6,31,19,33,43,18,15,30,10,2,27,4,11,37,20,34,17,9,39,13,55,46,36,53,0,8,41,26,49,3,47,24,35,44,42,52,14,7,12
uid107	8,7,42,35,4,31,27,6,43,38
uid108	27,40,10,44,31,30,42,18,52,32,34,19,39,0,21,17,4,37,20,6,9,47,50,33,12,7,43,15
uid109	19,5,34,0,31,33,4,32,24,14,27,7,16,6,43,44,46,10,42,29,2,35,1,37,55,26,13,41,39,3,40
uid110	35,31,17,53,11,32,52,46,47,43,34,44,27,39,33,4,8,51,0,6,10,42,2,26,37,24,18,13,21,56,1,29,16,48,7,41,40,38,5,3,22,23,15
uid111	24,31,7,33,6,34,9,44,4,46,37,41,27,1,13,55,8,35,32,52,42,29,18,19,10,17
uid112	15,31,19,17,8,53,41,42,3,13,10,27,47,30,24,32,34,55,43,7,33,20,9,44,50,6
uid113	10,33,50,53,52,7,34,9,31,43,46,6,47,27,13,32,3,30,26,12,24,14,19,51,41,11,8
uid114	8,0,31,10,11,33
uid115	19,26,34,36,11,20,46,6,3,29,8,43,27
uid116	32,31,26,41,50,29
uid117	27,47,48,34,32,24,4,56,35,42,31,7,20,43,44,8,13,52,3,40,6,33,55
uid118	42,11,29,31,30,32,41,1,27,35,0,13,55,37,50,4,46,39,6,48,7,34,9,24,43,44,52,10,18,16,26,5,3,47,40,33,15,36,8,17,45,19
uid119	13,41,6,4,42,31,19,52,0,53,35,11,17,34,37
uid120	51,31,6,2,32,0,35,27,10,16,26,1,18,39,43,47,17,41,48,34,7,5,52,37,42,13,24,21,4,56
uid121	43,27,6,18,7,8,13,34,44,31,52,10,11,53,46,32,26,37,41,9,4,24,29,30,20,47,3,12,33,14,42,19,55,35,49,54
uid122	32,14,27,31,19,29,16,13,34,7,4,43,24,6,10,42,11,41,52,54,49,26,53,20,47,30,3,12,33,48,8,51,15,35,37
uid123	10,30,2,33,27,4,11,26,20,34,16,9,17,43,39,55,19,37,36,53,8,46,32,31,49,13,0,15,24,35,3,47,5,44,42,52,41,14,7,12,29,6,51,23
uid124	42,7,6,10,41,4,26,52,34,8,33,27,31,37,47,55,35,29,50,44,0,19,43,14,32,24,1,15,39,17,20,49,53
uid125	29,31,10,3,6,34,36,18,24,53,25
uid126	40,31,8,32,19,51,53,41,11,3,35,37,42,13,6,7,20,27,44,45,24,10,55,47,22,0,43,18,48,34,50,29,26,4,52,21,5,33,16,39,23
uid127	15,35,33,43,13,4,7,34,9,31,24,46,52,6,10,0,41,18,54,29,16,26,27,37,42,30,8,49,1,55,50,32,39,3,36,19,48,44,47,5,38
uid128	50,29,10,18,26,43,27,6,13,44,52,34,37,35
uid129	4,31,44,1,39,27,18,43,47,41,26,52,0,6,38,8,13,34,7,22,46,42,2
uid130	11,33,27,43,19,53,31,44,18,29,50
uid131	8,31,33,32,46,26,37,11,19,36,20,6,41,34
uid132	0,39,27,35,6,41,18,52,54,34,7,9,31,43,24,46,4,16,26,50,37,1,13,55,32,29,33
uid133	32,24,27,13,6,18,5,19,8,4,42,30,2,34,7,44,10,1,37,52,49,41,31,26,47
uid134	19,35,31,4,27,34,7,9,43,24,44,6,46,52,10,41,18,54,42,29,26,50,15,3,8,5,40,33,51,53,11,13,16,0,39,1,47,17
uid135	4,37,33,27,6,3,8,42,2,31,30,1,35,0,50,34,43,7,9,10,41,13
uid136	42,6,31,16,44,26,0,1,17,41,55,19,39,37,3,51,2,32,10
uid137	27,43,8,48,13,14,46,53,39,23,31,29,50,52,0,42,35,2,34,41,21,18,37
uid138	11,37,15,34,20,17,16,9,39,43,4,55,53,31,7,27,13,32,47,30,41,3,26,24,12,29,8,19
uid139	41,31,40,10,19,53,51,13,11,6,8,7,3,35,37,42,4,30,33,47,20,43,44,45,32,24,46,15,55,0,22,27,39,18,38,48,34,52,50,26,17,21,14,5,16,23
uid140	50,53,19,52,0,31,28,14,6,18,32,43,33,15,30,2,27,4,11,37,20,34,16,17,9,39,13,55,26,46,36,8,41,49,5,3,47,24,40,35,44,10,42,7,12
uid141	8,4,37,6,18,24,14,27,19,29,16,1,35,31,15,13,33,32,20,30,42,54,52,7,10,26,36,11,53,0,46,39,43,28
uid142	37,31,51,6,2,32,0,10,5,3,47,27,4,40,24,34,35,44,33,46,7,30,43,20,8,52,39,53
uid143	31,41,29,8,53,32,13,19,7,42,35,6,17,21,47,24,44,33,30,43,27,20,46,40,34,52,18,23,15,3,0,37,26,5,50
uid144	15,2,33,30,39,46,48,32,42,35,13,20,55,6,31,0,8,14,24,19,18,26,36,53,28,11,34,37,54,43,27,4,52,56,10,45,17,41,7,29,49,47,3,1
uid145	19,8,34,35,0,27,38,1,32,24,7,31,52,4,18,3,33,42,29,9,55,50,48,6,20,54,41,39,43
uid146	31,50,19,8,5,34,35,0,33,47,27,38,42,41,52,14,37,3,43,26,15,32,24,29,1,39,6,4,13,36,10,44,53,18
uid147	14,18,19,55,3,35,6,26,37,34,24,10,50,32,0,46,27,29,42,15,13,2,33,43,20,54,52,8,7,49,41,4,1,45,31,51,11,28,30,47,48,5
uid148	21,32,26,43,48,34,7,5,10,31,41,33,30,27,44,8,13
uid149	51,41,53,43,6,11,19,8,10,27,38,34,13,7,3,15,35,37,42,4,31,30,33,20,47,44,45,32,24,46,40,22,0,39,18,50,26,52,21,14,16,29,23
uid150	29,42,52,6,46,34,36,11,33,13,0,15,24,3,27,49,10,31,41,5,4,35,44,32,47,1,26,50,19,14,55,39,37,43,7,20,30,12,18,2,17,9,16,51,8,53
uid151	27,31,13,39,17,42,18,21,26,43,29,8,19,51,48,34,5,38,10,32,41,44,16,1,6,47,37,3,35,30,20,33,24,15,40,55,0,52,22,7,11,46,4
uid152	32,24,14,27,31,29,19,0,30,18,52,34,6,42,7,49,41,4,26,3,35,10,45,33,37
uid153	42,11,46,26,27,34,7,31,9,24,43,6,10,3,30,33,1,35,4,37,50,41,32,55,15,13,20,54,8,0,18,19,29
uid154	7,13,31,33,44,8,4,43,32,10,47,30,20,41,34,3,55,39,53,48,5,38,27,37,35,42,6,0,23
uid155	1,32,24,14,27,31,7,19,29,52,13,4,3,33,6,5,8,34,9,43,46,10,42,11,30,35,41,0,18,55,37,50,39,54,15,2,20
uid156	13,47,20,30,34,3,24,27,29,8,19,51,53,41,6,11,48,10,32,52,31,5,35,37,42,4
uid157	1,27,41,35,55,50,29,31,3,32,34,43,52,46,6,10,37,33,5,18,8,24,14,7,19,16,13,26,0,40,36
uid158	31,52,5,43,27,47,1,44,0,35,51,3,6,37,18,24,39,13,21,56,14,41,42,34,11,53
uid159	50,0,28,6,31,19,18,33,2,30,37,20,15,16,43,13,26,36,46,8,53,11,32,27,24,35,3,41,12
uid160	5,8,29,2,32,10,3
uid161	41,24,18,42,26,4,56,27,13,21,32,3,7,35,37,6,31,17,39,47,43,15,33,30,20,8,44,45,38,48,10,34,52,55
uid162	42,56,44,47,37,3,7,35,41,4,6,52,0,23,15,33,30,20,31,27,43,18,38,8,13,24,10,40,29,50,34,32,36,25,53,26,9,39
uid163	29,15,32,24,3,46,34,10,40,55,33,22,0,7,27,4,44,13,20,31,39,6,8,38,35,11,53,52,17,47,42,43,26,2,41,19,18,50,21,14
uid164	19,50,21,29,32,31,26,39,41,23,35,30,34,24,18,52
uid165	50,35,34,20,43,18,6,32,36,24,25,26,17,45,31,27,56,0,8,47,39,21,55,19,3,4,37,33,44,5,1,41,49,52,15,48
uid166	23,35,30,3,18,50,29,21
uid167	34,11,46,42,52,27,19,32,50
uid168	7,31,34,9,4,43,44,46,52,6,10,18,35,41,54,42,19,8,5,0,27,29,53,13,11,26,16,1,39,47,17
uid169	11,10,33,27,8,31,26,6,3,29,50,53,19,52,0,47,4,24,34,35,44
uid170	55,42,19,41,39,6,35,53,44,18,33,27,46,47,43,34,0,26,2,36,51,50,21,37
uid171	47,16,32,29,31,26,19,21,39,13,1,44,0,3,5,43,27,48,10,55,20,17,34,18,6,52,49,4
uid172	13,53,39,27,6,4,3,42,33,30,20
uid173	27,4,24,32,39,8,0,6,13,7,47,30,41,3,33,12,29,19,51,53,26,44,16,1,43,18,17,34,48,52,40,21,56,35,42,31,37,10,55,50
uid174	4,33,10,27,34,37,17,8,30,29,13,51,43,19,46,18,3,7,42,41,31
uid175	7,34,9,31,43,44,46,6,10,4,16,26,27,37,50,18,52,8,47,49,41,32,53,14,19,13,15,24,0,3,35,36,20,30,12,33,51,11,1,39,17,23,29,42,2
uid176	18,32,33,43,19,15,30,10,2,27,26,34,37,46,36,53,20,0,11,42,55,39,52,41,3,48,23,29,47,17,24,13,44,35,4
uid177	27,1,35,0,31,13,18,55,37,50,39,6,33,48,32,46,4,41,52,15,2,42,43,14,34,36,24,3,44,8,5,47,22
uid178	7,27,47,20,32,30,41,3,33,48,34,52,5,10,31,40,38,8,29,51,19,43,6,11,13,53,1,24,14,39,46
uid179	38,3,10,6,53,48,41,4,34,35,52,31,47,43,44,26,25,27,46,50,19,32,5,55,0,24
uid180	29,8,19,41,53,43,6,0,1,26,39,18,47,17,42,21,32,44,35,37,15,3,7,13,4,31,48,5,52,10,38,40,27,22,46,34,2,50,20,9,33,12,45
uid181	41,48,10,27,40,39,21,4,13,43,26,17,8,33,44,32,34,15,35,31,7
uid182	13,7,47,32,20,30,34,3,12,48,52,5,10,31,41,27,6,43,18,38,44,42,35,4
uid183	44,33,20,8,23,52,0,24,32,10,55,40,6,7,22,13,34,4,53,17,46,43,26,2
uid184	27,39,53,31,37,33,4,8,51,0,46,6,43,55,19,34,5,13,7,30,32,20,12,3,47,42
uid185	34,0,43,35,48
uid186	27,42,32,43,33,34,46,26,3,6,31,8,10,11,53,50,52,40,51,17,9,39,4,55,13,7,20,30,41
uid187	24,27,7,31,16,29,52,13,34,43,46,6,4,10,42,11,41,18,35,54,8,49,26,1,28,0,14,33,32,19,30,15,2,50,53,47,20,3,12,5
uid188	41,53,43,8,19
uid189	19,13,55,35,43,37,34,36,11,53,8,46,32,4,10,33,27,6,29,50,26,52,31,0,41,17,5,3,47,24,40,44,15,20,16,42,39,14
uid190	11,37,15,20,34,17,16,4,43,39,13,33,53,52,8,31,26,49,41,7,27,47,3,24,12,29,19,32,51,6
uid191	19,48,13,8,10,6,47
uid192	1,32,24,14,27,31,7,19,29,4,37,18,3,33,6,34,9,43,44,52,46,10,42,11,30,35,0,13,55,16,50,41,39,8,54,26,53,36,48,15
uid193	15,2,34,8,49,6,10,41,4,31,29,18,42,43,26,13,32,24,0,3,19,11,53,46,35,50,52,33,9
uid194	31,27,33,6,3,42,32,2,35,24,43,46,10,1,0,13,18,37,55,4,16,26,39,34,17,30,11,53,50,52,19,28,14,15,36,20,48,7,5
uid195	55,42,31,41,3,26,24,27,13,8,29,19,51,11,16,44,43,52,6,34,5,48,7,15,23,30,33,20,47,35,46,32,40,0
uid196	31,19,5,0,33,27,38,1,32,24,14,7,29,52,13,4,18,37,34,9,43,44,46,6,10,42,11,35,26,50,3,15,2,39,30,41,55,28,54
uid197	14,4,43,3,13,20,39,11,33,31,34,47
uid198	46,16,26,27,37,13,31,41,1,35,0,55,50,4,15,2,33,43,32,20,30,42,54,10,34,28,14,6,18,19,36,53,11,8,52,21,5,47,39
uid199	45,46,47,0,43,34,44,35,33,26,52,22,7,39,11,53,31,3,42,19,41,18,14,27,30,48,6,40,10,50,29,20,51
uid200	31,19,8,0,47,38,43,7,18,6,13,48,44,52,34,42,41,35,32,11,53,46,21
uid201	46,26,33,43,6,19,50,47,31,10,41,8,13,34,18,55,27,52,7
uid202	14,31,18,32,43,33,19,15,30,2,34,37,36,53,20,46,11,5,27,24,40,35,44,26,0,13,8
uid203	44,2,26,11,53,46,52,31,21,5,27,47,33,32,42,18,50,29,16,39,30,24,6,9,7
uid204	52,8,34,49,27,41,10,47,46,6,33,32,13,26,11,30
uid205	29,8,19,41,51,53,11,43,13,6,7,3,35,37,42,4,31,52,34,27,10,26,49,1,30,55,18,54
uid206	37,35,42,33,6,31,44,32,24,34,7,30,47,43,27,8,22,39,52,10,53,26,2
uid207	19,5,0,33,34,31,15,24,13,35,8,27,43,39,53,44,4,46,10,26,1,18,47,17,41
uid208	52,34,6,42,27,7,49,10,41,4,26,1,47,13,30,20,3,12,44,16,0,39,18,43,17,29,32,15,31,24,35,36,8
uid209	44,26,27,1,0,18,39,47,43,17,41,29,6,34,48,5,52,10,7,38,31,40,24,42,32,3,15,37,35,33,4,30,20,8,45,46,13,22,11,53,2,19
uid210	7,13,47,27,20,30,34,41,3,24,26,33,48,52,5,10,32,40,29,8,11,51,53,19,43,14,31,16,1,0,55,4,9,46,6,15,2,35,42,54,50,18,39
uid211	29,51,41,53,13,19,8,52,42,14,3,31,26,27,24,4,34,44,32,28,6,18,43,33,15,10,7,9,50,37,49,35,2,30
uid212	1,32,24,14,27,7,31,29,16,13,52,3,18,8,42,35,9,34,4,43,6,10,26,37,46,50,0,55,33,41,54,11,30
uid213	27,43,6,18,8,48,13,34,44,7,30,31,20,45,0,52,23,4,11,47,46,35,26,42,41
uid214	42,33,1,43,4,10,27,34,0,16,15,35,20,54,14,26,19,37,36,31,6,41,53,8,29,52,48,5,32,24,40,55,3,39,44,13,30,47,12
uid215	42,29,32,2,35,33,4,37,31,3,6,8,1,24,27,7,34,19,0,52,43,47,38,41,13,46,26,18,48,22,11,53,44,23
uid216	0,53,41,31,10,26,1,14,52,13,35,34,37,36,46,11,43,6,15,3,8,48,5,32,27,40,24
uid217	42,29,7,27,32,39,35,34,51,3,19
uid218	31,2,6,32,0,35,27,10,4,48,21,14,5,52,11,43,47,33,42,39,20,34,36,24,18,46,25,53,26,50,41,7,51,3,44,9,55
uid219	32,37,0,46,16,26,15,24,36,10,8,44,31,18,6,3,34,7,29,35,11,53,50,41,13,19,33,27,43,38,42
uid220	31,43,27,38,7,34,53,33,37,44,4,39,8,51,0,46,6,10,56,55,19,42,32,3,24,17,26,41,35,52,18,29,21,47,16,23,50
uid221	29,50,53,26,35,11,33,19,52,0,31,28,6,14,18,32,43,10,30,15,27,2,13,47,20,3,24,12,48,34,5,7,38,41,40,8,51,42,37,4
uid222	0,41,37,31,43,32,27,53,52,4,33,35,42,6,34,56,48
uid223	46,0,32,5,27,4,24,34,33,35,44,26,13,15,31,3,36,41,8,42,19,55,39,7,30,20,47,12,52,37,43,29,53,6,48,10,40
uid224	10,24,18,42,32,13,43,3,35,37,33,6,31,7,8,52,46,22,44,29,50
uid225	19,8,5,34,26,13,15,0,3,35,36,41,31,39,53,33,4,46,27,6,10,24,42,18,32
uid226	5,28,19,0,14,18,32,33,15,30,10,2,26,6,43,50,3,31,41,8,34,29,37,36,53,46,11
uid227	26,39,53,37,33,46,15,24,35,13,44,31,43,8,27,22,32,29,19,51
uid228	40,13,41,24,55,31,42,43,3,51,2,32,0,10,39,27,46,53,4,19,11,6,8,48,34,52,5,18,26,7,35
uid229	13,26,15,24,0,35,36,53,31,41,49,7,47,30,27,32,8,51,43,19
uid230	19,53,44,31,18,33,50,21,47,42,6,20,2,16,32,29,26,39,41,35,23,30
uid231	31,40,24,39,17,18,42,21,13,32,4,7,35,37,41,6,44,47,43,52,29,30,33,27,20,8,10,55,22,0,48,46,34,26
uid232	6,35,0,32,10,26,50,3,33,15,31,47,17,34,53,20,42,41,37,29,8,51,43,13,19,7,27,30,44,1,18,39,24,46,40,55,11,22
uid233	52,6,7,27,10,26,4,31,41,34,46,1,32,24,30,47,19,55,35,3,13,33,29,43,42,0,18,20,51,44
uid234	8,7,3,37,35,42,41,4,31,48,52,5,10,27,24,18,13,32,26,56,44,0,1,39,47,17,43,11,46,33,30,20,6,22,34,2,19,53,16,29,23
uid235	52,34,8,10,4,26,31,41,47,15,0,24,32,35,13,36,30,20,27,3,12,44,16,1,39,18,43,17,29,6
uid236	31,8,5,3,47,27,4,35,44,33,42,55,19,39,52,37,43,26,34,36,11,53,46,0,16,29,32,51,41,6,15,2,10
uid237	4,37,31,3,33,6,5,41,27,1,35,0,13,55,46,16,26,50,18,8,48,32,52,34,42,15,2,43,20,54,30,14,49,7,10,47,29,39,28,19
uid238	36,46,32,0,11,43,50,6,26,33,3,15,31,41,47,19,34,5,27,4,24,40,44,35,37,20,16,17,9,39,13,55
uid239	16,1,39,0,27,18,43,47,41,29,48,5,52,10,32,31,7,35,42,37,4,24,13,56,30,44,20,8,33,45
uid240	34,6,8,27,7,49,10,4,30,18,19,55,29,33,31,28,0,32,15,26,53,50,52,9,43,39,36
uid241	26,39,31,23,41,48,6,47,40,10,35,34,50,20,33,12,15,43,52,18
uid242	3,31,8,34,26,41,49,47,24,40,27,35,33,32,15,0,13,36,10,55,19,52,30,38,7,39,44,4,46,6,42
uid243	34,8,42,49,6,10,41,4,26,30,19,55,35,29,33,27,32,52,28,0,14,18,43,15,36,11,53,20,31,2,7,13,47,3,12
uid244	51,31,32,27,16,18,43,1,48,7,52,5,10,38,40,35,37,42,13,4,24,30,20,33,47,19,44
uid245	11,37,34,9,43,4,39,55,53,31,41,26,20,49,7,13,27,47,32,30,3,12,33,8,19,51
uid246	11,29,6,18,43,35,10,33,32,13,41,0,46,50,34,24,54,39,42,27,15,31,26,16,7,47,20,8,23,52,45,44,30,3,40,55,22,38,48,2,4
uid247	7,30,33,27,47,8,31,51,35,32,2,6,0,10,26,13,3,15,24,36,41,29,23,19,21,18,43,34,44,46,20,11,17,50,37,52
uid248	42,11,31,32,50,19,5,34,35,0,33,47,4,38,24,14,27,29,16,52,13,1,55,37,41,18,44,10,7,12,3,53,40,39,43
uid249	11,32,31,27,6,18,7,13,34,41,50,51,39,37,8,35,5,30,48,40,44,55,19,36,24,25,53,14,21,20,38
uid250	42,32,33,20,13,30,14,54,39,24,10,34,50,0,37,46,16,41,3,31,15,19
uid251	46,39,27,10,53,43,48,34,40,32,52,38,31,5,41,7,13,47,44,6
uid252	51,32,41,19,43,53,8,13,31,2,6,0,27,10,26,16,44,1,47,17,39,18,29,48,34,5,38,40,7,3,35,37,42,4,56
uid253	4,41,18,52,34,6,42,7,10,31,26,49,33,32,36,11,53,20,15,24,0,35,3,13,27,29,8,43,44,51,46
uid254	15,14,26,43,27,6,18,8,7,38,13,48,34,44,10,53,31,17,52,22,0,35,47,37
uid255	43,6,38,13,31,10,30,7,27,47,20,44,4,35,46,32,17,0,34,26,2,41
uid256	47,43,27,20,44,8,33,7,15,3,37,35,42,6,41,31,39,53,4,46,0,24,17,18,21,26,13,32,56,16,1,29,48,34,10,5,52,40,55,22
uid257	11,46,4,16,13,55,19,3,43,14,40,10,28,18,27,31,32,26,33,47,41,29,36,15,0,51,53,37
uid258	31,26,27,4,35,34,33,24,0,13,3,36,42,41,19,14,43,7,20,32,47,30,12,8,29,53,51,11,2,39,37,46,10,48,52,5,44,45
uid259	31,6,32,18,33,19,15,27,29,42,1,24,0,13,26,10,35,8,4,45,37,17,28,46,34,36,53,11,20,41,50,47
uid260	6,32,10,31,26,41,4,47,1,49,0,52,23,24,3,15,55,33,30,27,20,44,8,18,35,11,43,7,13,34,46
uid261	7,30,24,3,42,22,0,39,4,48,21,27
uid262	30,7,43,47,8,20,27,44,33,6,38,13,53,11,46,31,24,32,3,15,40
uid263	33,27,47,46,43,34,0,2
uid264	0,35,40,31,38,52,27,33,4,10,18,43,13,6,41,7
uid265	20,44,39,33,12,15,43,53,3,18,29,27,19,34,50
uid266	8,29,53,41,43,11,19,39,37,33,4,51,27,48,34,5,7,10,38,32,31,3,15,35,42,13,6,47,44
uid267	28,0,14,31,18,32,43,33,19,15,30,10,27,37,34,36,53,8,11,5,3,47,24,41,51,48,52,44,26,1,39,17,29,7,42,35,13,21,4,56,20,46,2
uid268	32,31,10,26,0,40,27,34,19,11,43,29,6,41,38,52,33,17,24,39,42,18,13,7,3,35,37,4,44,47,30,20,8,45,22,46,53,2,48
uid269	13,27,0,17,56,48,52,7,10,40,35,41,6,23,43,20,33,44,3,24,46,34,32
uid270	35,7,41,18,51,6,48,31,8,0,47,27,39,43,21,19,34,42
uid271	17,18,42,21,13,32,7,3,15,35,37,33,41,6,31,30,43,27,20,44,8,10
uid272	15,24,0,35,13,36,7,27,47,32,20,30,41,34,12,33,43,39,53,4,8,22,11,52,31,46,17,44,37,48,29,6,19,51,42,1,14
uid273	30,41,55,19,7,3,35,28,0,14,18,6,32,33,15,50,4,52,29,42,24,44,20,34,31,37,8,51,53,43,13,11
uid274	32,20,31,47,27,48,13,7,10,34,3,42,52,11,33,46,17,35,26
uid275	42,11,29,32,30,33,0,14,50,53,15,35,13,2,43,20,54,3,31,47,34,19,8,24,40,27,7,38,10,41,4,52,44
uid276	33,18,1,32,14,24,31,27,7,29,52,13,34,4,43,46,6,10,42,11,3,2,35,0,16,50,37
uid277	7,27,13,32,4,11,20,34,16,17,9,43,26,46,47,0,35,33,52,6,8,42,10,41,31,49,1,21,39
uid278	33,29,55,31,3,13,43,0,41,54,32,14,16,19,46,37,42,39
uid279	18,39,43,47,41,29,23,8,32,19,51,11,53
uid280	34,53,46,6,19,4,11,9,17,20,13,31,40,0,43,33,26,32,52,27,37,7
uid281	15,35,2,43,33,32,42,20,14,54,39,27,6,52,34,7,49,10,41,4,0,46,16,37,50,13,18,31,44,30,19,55,47,28,29,11,53,36,26
uid282	30,50,29
uid283	1,31,13,55,4,0,35,32,37,17,33,29
uid284	7,32,47,27,20,30,3,12,33,29,8,19,51,41,53,43,11,48,34,5,52,10,31,26,0,1,39,17,6,24,18,42,13,35,37,44,4,46,2,16,36,25
uid285	27,7,13,32,30,20,3,34,33,19,42,41,39,14,8,51,43,53,2,1,44,10,18,47,31,52,5,38
uid286	15,13,35,2,42,52,34,6,8,27,7,49,10,41,4,31,26,1,14,30,18,47,19,55,53,20,32,29,11,33,50,0,37,43,56
uid287	35,27,30,48,44,10,41,6,7,34,20,24,52,31,29,16,32,14
uid288	35,53,43,39,31,33,4,44,8,51,46,0
uid289	35,41,32,52,34,4,10,1,19,33,31,27,39,48,0,37,24,6
uid290	4,10,45,33,31,37,17,30,8,41,43,19,3,7,35,42,13,46,16,26,27
uid291	4,33,10,27,45,31,8,30,29,19,51,41,53,43,6,11,13,26,50,3,15,17,34,7,35,37,42,46,16,18
uid292	37,20,34,16,9,43,39,4,13,53,52,31,26,41,49,7,27,47,24,3,33,29,8,19,51,11,6
uid293	8,29,41,19,53,51,43,6,13,7,3,37,42,35,33,4,31,52,34,27,10,26,49,30,55
uid294	8,19,47,27,32,20,41,30,34,3,12,48,52,7,5,10,38,31,0,22,33,39,42,13,26,44,43,37,15,35,6,4,18,11,46,53,24
uid295	19,53,31,3,27,47,40,44,0,17,41,39,34,5,6,33,20,43,7,48
uid296	11,33,43,19,31,18,27,50,32,29,26,39,23,30,47,6,2,36,24,34,25,35,7,51,44,8,0,55,21,17,45,20,9
uid297	40,41,8,10,29,19,53,32,51,43,11,13,3,7,35,37,42,4,6,31,30,20,27,47,33,24,46,15,55,44,22,0,39,18,38,34,50,52,17,21,5,14,16,26,23
uid298	26,31,16,27,33,32,0,20,39,17,9,19,42,52,13,46,30,47,8,44,23,15,43,6,7,24,10,3,34
uid299	7,3,35,42,37,13,33,6,31,30,47,20,43,44,27,8,45,24,46,15,34,40,55,4,11,39,0,22,41,19,52,32,53,17,25,26,18,14,48,10,50,29,51,16,9,21,5,23
uid300	47,29,3,34,19,37,0,11,45,31,6,8,17,53,35,33,50,43,26,41,5,24,20,13,4,42,55,52
uid301	55,19,35,43,39,53,33,4,8,51,46,6,16,44,1,18,47,41
uid302	0,14,31,18,32,43,33,19,15,7,35,42,41,6,44,37,22,27,11,46,17
uid303	34,43,27,10,46
uid304	17,24,36,34,31,39,4,37,47,44,2,6,21,9,35,42,27
uid305	1,39,18,43,34,7,10,31,42,26,35,41,4,44,37,0,52,30,47,27,20,45,24,3,15,22,8,48,32,33,17,46,2
uid306	6,39,10,27,29,33,43,52,34,8,42,26,49,1,41,32,11,53,5,47,40,24,4,37,31,13,20,30,3,12,51
uid307	43,19,8,34,31,51,27,2,29,11,13,39,6,46,4,42,52,37,32,41,24,33,40,44,26,55,18,38,53,22,7
uid308	10,7,38,32,31,40,19,27,34,41,43,13,11,3,35,37,4,42,6,33,30,47,44,20,8,45,15,18,24,46,55,0,22,48,52,39,50,26,51,29,53,17,21,14,5,16,23
uid309	31,7,3,42,6,55,19,2,0,52,14,35,10
uid310	52,5,10,40,8,6,53,18,16,26,1,29,21,43,39,32,35,15,3,42,13,46,38,7,30,44,47,33,20,31,48
uid311	20,41,31,6,27,44,16,26,1,0,18,39,43,47,17,48,34,52,7,5,10,32,40,3,24
uid312	32,21,42,39,35,52,13,19,18,50,47,16,26,31,23,30,27,48,6,10,34,24,36,25,43,29,7,51,44,17,45,20,9,37,0,8,55,33
uid313	34,0,47,32,24,14,27,7,52,43,44,6,46,10,41,4,18,54,42,39,11,20,9,55,13,30,3,12
uid314	4,39,43,55,31,26,19,37,34,36,8,11,20
uid315	20,16,17,9,4,43,39,55,13,47,7,27,32,30,34,41,3,24,26,12
uid316	50,52,19,28,0,14,31,18,43,32,33,30,10,15,2,4,11,17,9,39,13,55,37,34,36,53,3,5,27,24,35,26,8,42,7,47,41,12,29
uid317	11,34,43,17,13,53,31,26,7,27,20,47,30,3,8,29,51,41,6,44,39,18,1
uid318	1,32,24,14,27,31,7,29,19,52,13,34,4,43,44,46,6,10,42,11,41,18,54,0,39,8,33,49,26,47,28,15,30,2,35,50,20,3,12,51,53
uid319	42,27,32,33,8,43,39,53,44,48,41,34,35,52,31,2,11,29,30,3
uid320	42,31,8,19,51,53,13,43,6,44,47,37,27,18,7,38,10,41,26,20,49,3,4,33,48,32,0,46,34,35,16,29,22,52,23,21,14,5,40,50,11,17
uid321	24,27,31,29,16,7,9,43,46,52,6,10,42,11,41,18,1,35,0,13,55,4,34,8,49,32,39,15,33,30,54,14,26,53,47,20,3,12,48
uid322	6,34,0,16,18,43,7,42,39,33,9,31,4,45,17,35,26,36,46,53,8,41,20,15,24,13,10,5,27,3,44
uid323	42,13,6,41,31,43,39,53,44,33,4,8,51,0,27,10,48,7,52,34,5,40,24,32,3,46,55,26,16,1,17,47,30,20,23,37,18,50,29,21,35,11,22
uid324	0,47,43,39,17,41
uid325	6,49,10,4,31,29,42,33,43,28,0,24,3,13,35,36,26,8,41,34,53,11,46,27
uid326	32,33,15,19,30,18,10,2,44,53,52,37,34,46,36,26,31,20,0,24,8,13,41,49,17,35,27,29,3,43,16,42,55,39,14,47,7,12,5,4,11,50,6,51
uid327	7,13,27,47,32,20,30,3,12,4,31,6,17,10,37,33,8,45,34,43,18,38,48,52,44
uid328	7,13,27,47,20,30,41,12,33,34,48,52,5,10,38,32,31,40,29,8,51,53,11,19,35,42,37,4,1,24,14,55,18,3,6,46,0,9,2,54,50
uid329	7,34,9,31,43,46,52,6,4,8,42,27,10,41,26,49,1,32,29,35,33,50,53,14,0,13,15,24,36,47,30,20,3,12,44,39,18,17,38,11,19
uid330	19,36,26,0,11,15,30,4,6,16,50,32,9,10
uid331	49,52,31,26,41,11,34,8,32,37,16,43,10,44,35,53,19,33,27,14,18,7,55,3,42,56,4,24,0,50
uid332	42,11,31,30,32,27,1,35,13,55,37,50,4,0,6,7,43,46,10,16,26,18,54,41,52
uid333	41,48,10
uid334	11,37,15,20,34,16,9,43,39,33,13,8,53,31,52,26,41,49,7,27,47,32,30,3,24,12,29,19,51,6
uid335	42,31,35,1,0,13,55,37,50,4,27,18,44,47,43,11,53,46,32,22,7,29,39,23,21,30,48,6,33,36,24,34,25,26,20
uid336	50,0,27,4,18,31,3,42,11,29,34,9,24,10,16,26,37,13,46,39,6,35
uid337	24,17,3,34,44,18,10,6,43,8,47,33,42,29,31,52,35,48,32,41,0,21,56,27,46,2
uid338	42,29,31,3,32,2,35,33,10,1,24,14,27,7,19,16,13,37,6,34,9,43,44,46,52,41,18,5,30,20,47,12,55,8,51,53,17
uid339	43,18,32,19,33,15,10,30,2,27,7,3,35,13,42,37,41,6,31,4,5,47,24,40,22,0,53,11,46,52
uid340	18,6
uid341	39,23,44,31,27,50,30,40
uid342	44,30,31,42,18,52,27,32,34,37,39,0,17,21,6,20,35,19,4,46,41,2,9,47,33,12,7,43,50,11,51,10,15,53
uid343	53,31,52,41,26,20,49,4,37,11,15,34,16,17,9,39,43,55,13,33,7,27,47,32,30,24,3,12,8,29,19,51,6
uid344	30,33,31,47,43,20,44,27,8,45,7,3,35,15,42,37,13,6,4,41,24,39,17,18,21,32,26,56,34,48,10,52,5,38,40
uid345	8,48,34,7,52,10,38,32,31,41,3,35,37,42,4,6,26,1,27,0,39,18,43,47,24,44,23,30,33,20,15,17,22,46,19,53,29,50,40
uid346	19,55,52,3,35,43,34,29,4,10,33,27,31,37,8,26,46,36,11,53,20,0,32,6,50,15,41,17,39,13,24,44,47,30,51
uid347	11,0,46,26,19,14,53,31,52,43,50,15,27,4,33,17,41,49,3,44,34,36,47,13,32,7,20,30,12
uid348	19,41,35,31,11,21,43,32,29
uid349	35,13,41,6,4,42,31,16,44,26,27,0,1,43,39,17,18,47,29,53,37,33,8,51,46,10,24,21,32,48,34,7,5,52,38,3,40,55,30,20,19,50,11,2,22
uid350	52,34,6,8,27,49,10,41,4,31,26,1,7,13,47,20,30,3,24,12,33,0,15,35,36,44,16,39,18,43,17,29
uid351	30,18,33,10,20,2,37,13,43,19,34,46,36,11,53,8,0,32,52,41,26,31,49,7,47,3,12,27,29,55,51,6,35,5,24,14,16,39,17,42,21,4,48,38,40
uid352	42,8,27,4,10,6,41,31,1,29,32,39,30,18,52,7,47,55,35,34,28,19,0,33,53,5,24,40,44,11,37,26,17,16,20,36,46,15,9,49,43
uid353	52,34,8,6,42,7,27,49,10,41,4,26,31,39,24,32,0,46,16,29,33,1,43,37,11,15,20,17,9,13,55,44,3,35,36,5,47,40,48,38,2
uid354	32,6,31,27,7,20,51,29,8,0,39,42,43,5,41,3,44,37,24,35,26,17,18,52,10
uid355	55,39,19,14,3,13,53,32,41,27,30,34,6,44,47,35,26,15,10
uid356	52,34,6,8,42,27,7,10,41,4,26,31,49,47,1,19,28,0,14,32,18,33,15,2,11,50,53,13,24,12,20,3,30
uid357	32,10,35,26,19,37,34,46,36,11,53,8,20,15,16,17,43,39,4,13,33,52,31,41,49,6,42,27,7,1,50,3,29,0,47,30,24,12,14,18,55
uid358	30,48,40,27,44,50,29,21,33,32,47,42,39,20,35,16,26,31,41,23,24,34,13,0,52,36,37,9,46,3,4,18,43,8,6,5,1,2,55,19,7,15,49,53
uid359	0,14,31,6,18,32,43,33,15,19,26,37,34,36,11,46,48,53,28,3,41,17,30,10,2,42,27,24,52,29,35,50
uid360	10,24,4,35,33,42,0,52,29,15,44,31,37,7,30,20,47,43,3,6,22,27,38,13,48,5,8,53,51,18,17,21,39
uid361	31,37,6,17,27,33,30,19,28,0,14,18,32,43,15,10,2,26,34,46,36,11,53,8,20
uid362	46,0,32,43,26,6,50,3,15,31,41,8,34,5,47,27,4,24,40,33,35,44,42,55,19,39,52,14,37,18,7,38,13,2,48,29,17,21,23,16
uid363	26,50,53,14,0,28,31,18,33,10,30,15,19,37,36,11,34,4,17,20,43,13,27,3,32,41
uid364	19,0,47,31,27,32,24,14,7,22,39,16,26,23,18,6,43,8,13,34,44,46,42,35,33,53,29,49,45,50,52,21,55,17,40,3,4,37,48
uid365	34,38,7,3,24,32,17,30,47,33,20,27,8,45,43,18,6,13,10,42,46,35,40,31
uid366	32,46,8,36,11,43,52,13,16,20,34,10,6,39,27,3,5,33,0,15,35,41,7,4,24,50,31,18,42,44,40,47,49,19,12,29,53
uid367	5,7,52,34,10,38,32,27,31,41,39,33,6,26,50,3,8,51,19,53,43,11,13,35,37,42,4
uid368	7,44,15,43,34,52,0,50,11,46,51,27,18,33,48,49,17,45
uid369	35,33,13,27,30,20,32,47,3,24,14,29,53,51,11,19,41,6,8,0,44,10,16,39,1,43,18,48,52,34,38,5,31,37,17,42,4
uid370	21,33,27,30,48,40,44,31,29,32,26,23,50,3,35,7,51,18,37,0,8,55,47,39,43,42,19,5,34,20,17,6,9,12,15
uid371	32,24,14,27,7,31,19,29,52,34,6,8,42,49,10,4,41,26,53,50
uid372	4,24,7,9,44,43,52,46,6,32,42,27,28,19,15,30,10,31,13,47,20,34,3,29,11,51,35,33,1,26,0,16,39,23
uid373	4,7,34,9,24,43,6,10,32,3,31,41,1,18,50,35,8,42,26,49,15,2,33,13,54,14,27,47,19,39,0,37,30
uid374	19,53,31,18,27,35
uid375	27,42,33,32,43,39,15,13,35,2,30,14,4,18,48,34,5,31,55,41,52,7,47,20,3,24,12
uid376	8,6,42,7,26,4,49,1,31,48,46,27,37,41,18,29,32,33,34,3,5,52,13,38,24,40,55,43,30
uid377	4,32,24,46,6,26,17,13,44,47,31,37,43,27,38,48,34,10,42,2,3,29
uid378	6,8,10,4,41,1,18,30,42,55,7,3,34,39,46,16,32,33,31,27,26,37,36,11,28,19,15,5,24,44,53,50,52,0,20,13
uid379	32,19,26,50,11,35,20,37,33,55,31,29,52,34,41,27,4,24,0,10,3,8
uid380	27,42,55,19,39,29,8,31,52,41,14,37,3,43,32,51,53,11,13,2,6,0,10,1,18,47,17,34,48,7,5,40,35,24,21,26,56
uid381	32,24,14,27,31,7,19,29,52,4,37,33,18,6,3,42,11,2,34,9,43,46,10,41,1,35,0,13,55,50,39,15,20,30,54
uid382	26,41,31,28,0,43,33,32,18,14,19,6,27,2,15,30,10,4,13,34,46,36,11,53,24,35,3,42,55
uid383	5,33,35,47,38,42,11,31,3,32,2,34,7,9,43,46,52,6,10,8,27,4,26,41,49,13,15,20,30,14,54,28,19,18,24,29,50,44,0,1
uid384	39,18,43,47,17,41,29,6,52,23,8,19,51,11,53,48,34,7,5,38,32,31,27,10,24,42,21,13,26,56,4,33
uid385	6,2,32,35,26,44,1,39,27,41,48,34,10,5,40,42,18,37,13,31,24,8,0,52,29,20,47,33,45,22,7,46,4,3
uid386	24,14,27,31,7,29,13,4,18,37,3,33,5,42,32,30,2,35,10,34,43,44,46,52,6,1,0,55,39,8,41,54,26,49,15,20,47,28,19,36,53,11,50,17
uid387	33,20,44,7,18,27,13
uid388	26,50,3,31,8,34,43,39,53,37,4,51,46,33,27,10,0,36,19,14,28,2,18,32,11,17,20,16,13,15,9,55,42
uid389	26,6,3,41,31,43,27,18,7,13,48,34,44,30,40,55,19,20,52,35,4,49,32,46
uid390	31,27,8,13,4,35,1,3
uid391	41,1,35,0,13,18,55,50,4,39,31,48,33,32,42,8,7,10,26,49,47,30,24,43,27,6,44,52
uid392	41,13,6,7,4,42,31,20,33,47,43,30,8,27,45,44,3,35,24,37,40,10,17,18,39,32,0,52,29,23,22,15,48,34,46,26,49,1,28,19,14,2
uid393	35,30,23,32,29,10,3,18
uid394	26,19,36,11,20,46,32,3,15,24,0,35,12,27,33,39
uid395	27,33,26,0,3,31,35,15,24,41,19,42,34
uid396	52,14,44,3,32,6,35,22,4,33,0,24,31,34,27,37,47,55,39
uid397	31,33,18,3,7,6,10,42,32,43,28,19,0,30,26,46
uid398	53,52,31,41,26,49,20,3,42,35,37,6,47,43,19,34,46,36,8,11,0,32,27,4,15,16,17,33,39,13,28,14,18,10,30,2,29,50,1,7,24
uid399	53,11,43,19,8,42,55,31,14,51,2,6,0,32,10,26,44,1,39,18,47,17,41,29,48,34,52,7,5,40,3,35,37,13,56
uid400	6,34,0,46,52,49,7,14,30,19,13,29,28,36,20,11,26,4,33,32,55,47,41,3,27
uid401	7,34,9,31,4,24,43,46,6,52,10,26,27,37,41,54,42,8,49,1,32,33,50,53,14,13,15,0,36,35,47,3,12,29,51,19,17,44
uid402	32,24,14,27,31,7,29,16,52,13,50,8,19,4,46,37,1,35,0,55
uid403	14,24,27,31,7,16,29,52,13,33,18,6,34,43,46,4,42,32,39,41,35,47,19,55,28,15,30,26,0,11,17,3,10,53,8,20
uid404	7,13,27,47,32,20,30,41,34,3,24,12,9,31,4,43,46,52,6,10,8,42,49,1,18,55,35,29
uid405	32,24,14,27,29,7,34,43,6,10,42,35,4,41,18,54,52,8,49,26,33,47,44,50,53,19,0,51,11,3,39,31,1
uid406	7,8,44,31,35,11,21,14,52,33,27,43,46,26,2,32,17,48,34,10,5,40,41,42,19,53,3,18,50
uid407	41,31,30,23,56,43
uid408	4,3,33,6,0,46,32,42,31,11,2,41,1,27,13,50,43,15,20,14,8,26,37,34,52,28,19,18,30
uid409	19,34,33,4,1,24,14,27,31,7,29,52,37,3,42,11,32,44,46,6,10,41,0,35,13,55,26,39,15
uid410	41,35,31,8,32,53,11,37,36,20,33,43,9,28,10,15,29,0,55,50,4,13,16,27,34,38,52
uid411	8,34,5,33,4,31,27,38,37,3,6,7,24,44,43,46,52,10,11,39,13,29,32,35,0,53,41,26,49,51,19,40,47,30,55,12,42,20,48,1,16,17,18
uid412	1,35,31,34,24,43,10,27,37,33,8,30
uid413	42,27,19,4,31,5,14,16,47,32,26,23,30,34,50,24,20,52,25,18,35,7,10,38,44,55,43,49,48,15
uid414	6,52,19,30,18,7,13,42,26,35,15,20,9,11,8,40,36,39,3,41,33
uid415	41,4,18,54,42,31,29,46,39,52,34,8,6,49,7,10,26,1,15,13,35,43,2,33,32,20,30,14,27,24,50,0,37,16,55,47,19,40
uid416	13,7,47,27,32,30,3,34,41,12,33,39,18,42,43,56,44,51,10,46,8,31,53,6,4,0,37,55,19,35,11,52,17
uid417	20,27,8,33,3,35,42,41,4,32,19,53,11,43,13,24,15,44,40,16,1,0,6,18,31,46,47,29,26,23,30,34
uid418	10,46,27,29,42,33,32,15,26,19,37,34,36,53,2,6,31,0,47,44,56,8,39,55,17,43,50,35,18,24,48,45,13,3,4
uid419	48,34,7,5,10,32,31,40,24,42,56,41,35,37,20,8,0,47,22,27,6,18,38,52,33,4,44,26,46,19,13,53,3,29
uid420	43,27,18,6,7,8,31,52,30,47,48,40,10,44,34,36,26,32,50,35,41,38,3,49,17,46,45,20,9,39,33,4,0,42,37,56
uid421	0,27,37,43
uid422	4,41,18,52,29,6,39,24,10,19,34,36,11,53,46,32,28,0,14,31,15,33,27,26,50,7,13,47,20,30,12,8,51,17,22
uid423	10,38,32,31,41,40,8,19,51,53,11,43,13,6,44,16,26,0,27,1,39,18,47,17
uid424	42,32,34,33,37,17,31,14,41,18,47,19,35,29,28,15,30,2,10,50,53,52,13,48,49,46,45
uid425	4,24,35,19,31,51,2,6,10,42,14,3,32,13,0,26,41,8,43,27,53,37,33,44
uid426	6,33,13,24,27,46,14,54,42,10,32,29,35,11,26,50,53,19,52,0,31,4,15,34,16,43,9,39,3,47
uid427	14,30,41,27,55,13,29,28,19,0,31,32,33,15,18,10,6,50,42,1,43,39,51,2,35,34,5,40,7,3,37,4,24,16
uid428	4,26,20,17,43,9,13,52,53,41,31,47,27,32,34,30,24,3,33,8,29,51,19
uid429	19,8,5,34,35,0,47,4,1,24,14,27,7,31,29,16,52,13,50,38,32,33,3,6,11,42,30,9,43,46,10,55,37,18,41
uid430	45,3,35,37,13,6,4,42,31,46,17,41,34,52,19,32,16,47,26,39,36,24,18,25,53,50,14,43,7,20,10
uid431	31,19,5,34,0,47,4,27,43,18,42,41,52,35,21
uid432	48,44,16,1,27,39,17,6,21,24,40,13,7,8,38,18,22,0,52,46,53,32,31,34,35,4,11,42,2
uid433	1,27,39,18,43,17,41,6,48,34,5,31,24,42,56,44,47,37,7,35,40,55,30,20,8,33,0,52,10,22,46,26
uid434	6,24,21,32,17,11,31,38,27,39
uid435	42,47,44,35,13,7,3,5,10,26,38,31,48,29,19,11,33,15,6,43,30,52,23,45,27,34,39,0,20,32,50,40,55,8,18
uid436	13,7,32,20,47,3,48,10,5,29,8,51,41,53,42,35,37,4,6,31,14,24,27,16,52,1,0,55,50,33,18,39,43,2,46,26
uid437	27,41,39,17,42,32,56,24,3,46,15,34,22,7,0,43,6,8,38,13,48,44,31,47,35,26,2
uid438	28,19,0,14,6,32,43,33,15,18,30,10,2,39,31,53,44,8,4,51,46,27,21,5,52,47,42,35,26
uid439	52,34,6,8,27,10,49,47,16,1,18,17,44,31,12,0,33,30,35,3,20
uid440	39,43,47,17,41,52,23,29,8,51,6,19,48,10,32,31,4,33,18,42,21,13,27,7,3,37,35,30,20,44,45,40
uid441	47,31,21,26,32,41,7,42,56,44,39,27,37,8,30,29,33,15,24,0,22,38,43,52,11,6,20,4,19,46,34,35,2
uid442	20,32,31,26,41,23,50,21
uid443	34,0,52,27,18,10
uid444	0,15,24,3,35,13,26,36,10,41,31,8,7,27,47,32,20,30,34,12,29,51,19,53,11,43,6,44,16,1,39,18,17
uid445	6,4,42,31,44,16,26,27,0,1,39,18,43,47,17,41,37,52,23,29,15,30,7,33,20,8,45,19,14,3
uid446	41,48,10,52,32,20,34,7,0,50,19,31,55,39,43,15,4,29
uid447	34,24,43,46,6,10,15,35,13,2,42,33,29,11,26,50,53,14,19,52,0,31,5,3,47,27,4,40,44,32
uid448	18,31,27,29,42,32,1,33,14,43,0,6,19,2,30,10,39,51,4,44,47,21,52,23,37,35
uid449	55,34
uid450	33,8,20,46,53,11,3,26,17,6,34,4,27,13,24,40,35,0,10
uid451	17,43,50,29,34,35,7,18,6,32,26
uid452	27,37,10,29,33,50,53,52,0,31,28,19,14,6,18,32,15,43,30,2,26,36,46,11,42,55,41,3,22,7,35,47,48,40,17,34,24,13
uid453	46,0,33,34,4,7
uid454	27,47,20,30,41,5,15,24,0,3,13,36,26,35,8,4,16,44,1,39,18,7,33,43,31,52,23,29,10,32,6,48,11,53,50
uid455	19,8,5,34,35,0,33,47,4,31,27,38,7,43,44,46,52,6,10,42,11,3,32,2,24,29,16,13,1,18,55,37,41
uid456	29,35,11,33,26,50,53,19,52,0,31,4,37,15,20,34,16,17,9,43,39,13,55,8,41,49,24,3,36,10,7,47,27,32,30,12,51,6
uid457	7,15,35,37,42,24,10,55,6,4,31,32,22,0,27,11,53,3,46,47,43,34,44,33,26,21,41,20,48,40,18,36,25
uid458	28,19,14,18,32,27,11,20,50,3,17,39,13,41,26,49,8,33,55,35,34,10,0,31,42
uid459	41,18,4,35,52,54,34,42,31,46,13,50,37,16,26,27,7,32,47,30,20,24,3,12,33,10,29,11,53,19,14,0,55,43,45,6,8,17
uid460	41,10,40,29,8,19,51,53,43,13,11,3,7,15,35,37,42,4,6,31,30,20,33,47,27,32,24,34,55,44,0,39,22,18,38,48,52,50,26,46,17,21,5,16,23
uid461	52,8,42,27,49,6,10,41,4,26,31,1,46,47,43,34,44,35,2,21,32,3,50,29
uid462	31,26,24,33,35,27,15,13,3,51,11,8,19,42,7,12,47,41
uid463	19,8,34,35,0,31,27,38,1,32,14,7,29,13,33,6,5,42,3,10,41,18,55,37,50,4,16,15,20,30,54,9,43,46,52,26,39
uid464	32,46,15,19,37,27,33,11,0,20,14,31,26,9,49,34,4,17,39,55,13,35,43,8,41,40,44,52,42,10
uid465	0,27,52,23,19
uid466	48,18,34,27,37,50,31,13,46,41,9,4,43,24,44,52,6,10,47,33,21,32,42,39,2,20,0,36,45,29,35,11,26,53,19,8,7,49,1,30,55,3
uid467	31,56,32,8,47,0,27,39,55,43,21,19,42,34,5,17,18,24,36,46,25,53,20,52,26,14,40,35,4,3,13,33,37,44,6,30,7,9
uid468	32,29,26,31,41,23,30,21,34,36,24,18,46,25,53,27,14
uid469	1,32,24,14,27,31,7,34,9,43,44,46,52,6,4,10,42,11,29,3,30,35,33,18,41,54,0,13,37,55,8,49,26,47,50,53,19,20,12,48,5,38,40,39,51
uid470	11,4,37,15,26,20,34,17,43,9,55,7,13,27,47,30,41,3,24,32,12,53,8,52,31,49,5,40,33,29,51,6,19,42,2,0,10,16,44,1,39,18,48,38,35,21,56,45
uid471	6,50,32,42,33,39,52,8,7,27,49,4,10,41,47,35,3,45,17,44,53,5,24,34,37,15,26,43,13,31,30,12,51,11,19
uid472	27,29,33,32,1,43,6,26,3,50,31,8,19,15,24,0,11,37,20,16,9,39,55,34,46,53,41,18,30,42,35,5,4
uid473	39,43,18,47,17,41,29,6,0,52,23,8,19,51,53,11,48,34,7,5,10,38,32,31,40,24,42,21,13,26,3,4,33,35,37,30,27,20,44,46,15
uid474	7,34,43,46,10,6,13,2,33,42,20,30,16,37,32,41,52,35
uid475	51,31,2,6,32,0,10,48,34,5,52,40,7,3,37,35,42,13,4,44,47,43,30,20,27,8,33,24,46,15,41,19,21,14
uid476	19,32,5,40,4,35,33,13,15,41,0,36,31,42,47,20,30,24,8,43,51,6,48,34,52
uid477	29,8,32,41,53,43,13,6,19,31,0,35,10,50,34,20,7,18,27,30,3,56,47,55,39,21,48,5,42,33
uid478	31,40,24,17,18,42,32,56,7,3,15,35,37,13,41,6,4,44,43,47,27,30,20,8,33,45,0,52,29,46,10,55,22,39,48,53,34,26,2,19,50
uid479	37,26,20,34,16,9,17,39,4,13,7,27,32,47,41,3,24,12,33,8,29,19,51,53,43,11
uid480	4,0,46,33,6,43,27,10,29,8,32,19,51,41,53,11,3,7,15,35,37,42,44,47,52,31,34,48,38
uid481	27,41,0,1,31,18,13,4,46,39,6,8,35,32,16,26,37,54,52,34,42,2,43,33,15,20,30,14,49,10,7,24,50,29,55,47,48,36,25
uid482	0,28,14,33,30,18,34,4,13,37,19,53,5,24,44,40,26,31,36,35,55,41,42,7,3,27,20,47,8,29,51,43,6
uid483	27,32,1,28,0,14,31,18,43,33,15,2,26,37,36,20,46,11,50,41,17,19
uid484	16,26,1,39,47,43,18,17,41,6,8,29,19,53,13,11,48,34,7,52,5,10,38,32,31,27,40,42,4,3,56,33,35,15,37
uid485	43,37,48,0,31,34,55,19,8,17,53,3,33,27,18,6,2,35,41,47
uid486	24,14,27,31,29,16,52,13,7,34,9,43,44,46,6,4,10,42,11,3,32,2,41,18,8,49,26,1,19,28,0,15,33,30,35,53,50,20,48,5,38,51,37
uid487	27,34,33,8,26,19,37,36,20,11,46,32,3,31,24,35,44,15,0,13,43,39,53,51,4,10,50,52,47,30,42,55,14,2,6
uid488	17,31,4,42,41,35,6,52,43,32,21,33,30,26,51,36,37,19,7,44,13,14,27,48,40,3,34,24,18,46,25,20,50,45,56,0,8,47,39
uid489	4,41,18,52,31,46,37,13,7,34,9,43,24,15,35,33,42,32,14,6,10,16
uid490	31,49,43,26,6,3,15,47,39,53,33,44,8,4,51,46,0,48,10,16,29,23,7,30,27,45,24,42,40,32
uid491	29,8,53,41,19,51,43,11,13,3,7,35,37,42,6,31
uid492	5,34,4,31,27,38,3,33,16,37,13,46,41,18,7,43,44,6,52,10,26,50,29,0,11,20,53,24,35,32,47,40,17,56
uid493	7,34,9,43,6,10,16,27,50,31,13,46,33,32,39,41,42,28,19,0,14,18,15,2,36,53,8,45,24,37,30
uid494	27,6,32,52,31,34,7,43,46,10,41,4,18,54,42,29,8,26,51,53,19,11,13,47,30,20,3,24,12,55,35,49,37,50,38,0
uid495	24,47,17,42,18,21,32,26,7,3,15,35,37,41,4,31,40,33,30,44,27,20,8,43,0,52,23,6,13,22,39,11,46,34,2,48,53,19,50
uid496	31,29,6,27,55,34,8,7,2,20,19,52,42,13,32,0,50,46,35,3,11,5
uid497	34,48,10,5,52,32,31,44,1,26,0,39,18,43,47,6,7,13,41,33,35,21,3,45,20,29,38,42,24,40,17,46
uid498	28,0,31,18,32,33,19,15,10,2,27,4,11,37,26,34,17,9,39,13,46,36,20,8,52,41,29,35,50,5,3,47,24,40,7,30,12,16,44,1,43,42,56,23,53,6
uid499	29,1,0,27,39,18,43,47,41,17,6,8,19,51,53,11,48,34,7,52,10,5,38,32,31,40,3,33,24,42,21,35,37,4,46,30,20,44
uid500	32,46,47,42,34,43,0,44,35,26,2
uid501	37,8,11
uid502	19,24,11,27,51,6,31,5,1,32,41,33,52,29,39,3,37,8,26,35,17,4,18,13,34,43
uid503	19,52,0,31,28,14,18,33,30,2,27,37,20,34,16,17,39,9,4,13,26,46,36,11,53,8,32,41,5,3,24,40,15,10,35,42,55,47,12
uid504	34,7,10,52,5,38,40,31,4,49,20,6,33,46,44,32,47,21,42,36,24,18,14
uid505	26,6,50,33,3,31,41,8,19,34,53,52,20,49,7,13,27,32,30,24,12,29,51,11,43
uid506	19,8,5,34,0,33,4,31,52,6,7,49,10,41,26,13,2,43,20,42,30,54,24,32,46,14,18,27,55,35,29
uid507	13,7,47,32,20,30,3,48,34,52,31,27,40,8,6,42,49,41,4,10,1,14,18,35,29
uid508	19,34,47,44,43,37,48,7,52,5,38,10,31,32,24,46,0,42,35,53,33,22,27,18,50,29,21,16,26,2,6,41,4
uid509	31,7,33,47,27,20,44,8,0,52,32,24,3,15,34,40,6,43,18,38,13,48,22,11,53,4,42,35,2,41,21,5
uid510	11,53,46,31,47,43,34,0,35,33,26,2,4,32,48,21,42,6,20,27,14,5,52,19,18,50,29,39,41,30,23
uid511	14,3,53,44,33,4,8,27,6,43,51,31,2,32,35,20,47,30,19,41,16,1,26,39,17,29,24,10,18,38,11,52,0,22,7
uid512	42,11,29,31,32,35,37,13,34,52,8,6,49,10,41,26,1,47,43,33,14,54,30,27,19,55,3,50,0,39,28,18,2,4,9,36,53
uid513	32,24,14,29,52,7,31,6,10,4,46,16,13,34,8,41,47,39,27,18,35,28,15,19,2,30,53,11,50,26,44
uid514	1,24,14,27,31,7,29,16,13,52,4,37,3,6,42,43,33,26,19,46,36,8,20,34,17,50,5,47,35,44,41,39,23,18,48,0
uid515	52,34,8,42,27,49,6,10,41,4,31,14,30,19,7,35,28,0,32,43,2,11,50,37,26,36,46,3,51
uid516	32,4,39,34,10,7,3,37,13,35,42,41,6,47,31,30,33,27,8,45,52,48,24,40,55,53,17,46,0
uid517	39,24,42,26,4,44,47,31,3,37,7,35,41,20,33,27,0,52,10,40,34,55,32,22,8,13,48,6,46
uid518	24,14,27,31,8,19,34,50,5,4,47,35,33,38,18,37,3,29,42,32,2,7,9,43,6,10,15,13,20,41,16,39,45
uid519	0,39,18,47,41,29,23,8,51,53,11,43,19,34,7,52,5,32,31,40,24,42,17,13,26,4,33,3,37,35,6,27,44,20,45,10,55
uid520	41,27,1,35,0,31,13,18,55,37,4,26,50,46,39,8,33,6,32,52,16,29,42,54,7,34,9,43,24,44,10,48,11,2,47,3,38
uid521	15,2,42,43,33,32,13,20,7,34,9,31,24,52,6,4,10,41,27,1,35,0,8,49,26,30,18,19,55,29,14,3,47,36,11,37,16,17,39,5,40,38,48,44,46
uid522	52,6,8,42,27,7,10,4,31,26,1,41,44,13,15,24,0,36,16,47,20,30,3,34,12,33,18,39,43,17,29
uid523	22,7,0,34,42,41,52,35,19,6,4,37,32,13,31,15,23,29,3,33,48,53,46,11,47,43,44,26,16,17,27,40,30,10,21,5,14
uid524	10,29,8,51,41,53,43,11,19,6,13,7,42,37,3,35,4,31,30,20,27,47,33,32,24,15,40,55,44,22,39,0,18,48,34,50,26,52,17,21,14,5,16,1,2
uid525	42,41,43,11,53,35,7,4,3,20,33,0,15,5,8,44,27,52,18,32,17,40,46
uid526	42,14,3,13,7,37,6,31,44,33,43,23
uid527	22,7,0,27,35,11,53,52,31,17,41,42,34,4,19,37,6,32,44,18,29,3,47,33,21,39,2,20,14,43,16,26,23,30,51,50
uid528	31,8,34,5,3,47,35,44,32,26,24,13,36,10,19,0,14,6,18,33,15,30,2,29,50,52,41,37,7,27,20,4,39,43,46,53,42
uid529	31,10,29,8,32,19,53,41,51,11,43,6,30,7,47,33,44,20,27,3,35,42,37,13,4,24,15,22,0,39,18,48,50,34,52,17,21,16,26,23
uid530	18,8,44,33,35,13,42,3,37,7,15,41,39,27
uid531	26,31,44,16,39,0,27,1,43,47,18,41,34,5,32,10,40,51,33,3,6,4,24,21
uid532	27,8,30,37,34,36,53,46,11,39,4,51,0,6,24,31,13,41,35,48,5,38,10
uid533	47,29,6,5,10,38,39,21,42,27,26,43,32,34,18,31,52,22,44,3,50,33
uid534	19,5,1,32,24,27,13,18,3,15,33,2,30,8,42,10,41,4,31,26,39,16,55,36,11,37,46,43,34,45,0
uid535	40,41,27,31,10,3,7,35,42,37,6,4,30,47,33,20,8,44,45,24,32,43,38,13,34,22,0,39,50,18,52,19,17,21,11,16,29,26,23
uid536	34,35,44,33,32,31,2,6,0,27,7,47,13,20,30,41,3,24,12,29,19,8,51,11,43,53,39,37,46,4,18,42,21,26,56,16,1,17,48,52,5,10,38
uid537	42,11,29,30,32,2,33,7,34,31,4,43,44,46,6,0,39,8,27,35,41,18,52,54,24,14,37,3
uid538	7,13,32,47,30,34,3,12,26,15,24,42,44,43,39,53,4,0
uid539	34,8,27,43,39,53,47,0,44,35,33,26,2,19,31,18,3,29,17,50,21,42,6,20,16,32,41,23,30
uid540	55,10,15,26,32,13,7,24,3,35,0,31,39,43,53,33,4,8,46,27,50,20
uid541	27,33,53,32,31,17,3,24,4,40,41,26,20,13,55,9,49,39,0,35,15,8,34,42,52,5,43,2,6,7,23,30
uid542	7,30,31,47,44,20,8,27,33,0,52,46,42,43,34,26,35,48,32,24,15,17,37,19,50
uid543	27,43,39,37,33,44,4,8,51,46,0,6,53,10,31,48,7,52,5,41,32,40,34,38,35,3,13,42,15,29,19,11,20,30,24,12,26,47,18,23,45
uid544	55,19,37,34,11,36,53,46,31,26
uid545	0,26,16,1,44,39,18,17,41,47,43,29,6,24,42,32,5,10,27,56,34,48,7,38,52,31,40,3,37,35,13,4,21,8,11,46,33,2,19,53
uid546	8,32,19,51,41,53,6,26,44,1,0,27,18,39,43,17,29,33,7,3,35,37,42,13,4,31,24
uid547	42,33,6,19,11,36,24,13,8,50,3,5,40,35,32,44,26,10,52,31,0,30,4,34,39,2,27
uid548	31,2,32,0,35,27,43,39,53,37,33,4,8,51,46,26,24,3,13,10,41,42,40,34
uid549	44,4,32,22,31,43,34,17,19,39,42,15,49,41
uid550	27,29,42,33,32,43,4,41,28,19,0,5,48,52,31,6,35,3,13,56,8,39,47,55
uid551	27,39,18,43,47,17,41,6,0,52,23,8,29,32,19,51,53,11,13,34,7,5,10,38,31,40,24,42,21,26,4,3,48,33,15,35,37,30,20,46
uid552	19,8,5,35,0,4,31,27,42,11,29,32,55,52,14,43,3,37,33,34,47,24,40,44,26,13,50,46,39,6,48,41,16,18,20
uid553	31,41,40,24,39,17,42,18,13,26,7,3,35,37,6,44,43,30,33,47,27,20,8,45,0,32,46,15,10,55,29,22,48,11,34
uid554	19,29,18,21,50
uid555	34,33,8,44,11,50,35,28,19,14,0,6,18,31,15,2,13,20
uid556	10,41,35,16,0,27,1,47,43
uid557	52,42,7,49,4,10,26,31,50,53,14,19,0,13,15,24,41,8,30,3,12,51,44,47,37,17,46,43,34,33,35,18
uid558	29,10,8,32,41,51,19,53,11,43,13,6,3,7,42,37,35,4,31,30,33,47,27,20,24,46,15,40,55,44,22,0,18,38,34,50,26,52,21,14,16,39,23
uid559	42,11,29,3,31,32,2,33,10,41,27,1,35,13,55,46,16,26,37,6,34,8,7,49,43,39,53,19,52,0,9,24,44,47,23,21,20
uid560	4,41,18,52,54,42,31,46,39,27,6,35,33,32,1,34,8,49,10,26,17,28,2
uid561	53,41,32,5,3,47,27,20,26,13,10,0
uid562	22,7,33,27,48,3,32,4,11,53,46,31,17,43,42,29,52,23,0,15,5
uid563	20,32,27,43,39,19,8,6,53,11,51,35,36,31,15,7,30,33,52,29,44,34,0,46,13,3,5,21,42
uid564	46,25,18,26,32,14,6,43,52,42,34,27,44,17
uid565	31,2,6,32,35,10,27,44,26,1,18,39,43,17,33,4,51,42,21,47,56
uid566	46,6,35,48,7,10,4,41,47,32,42,34,50,0,44,18,29,11
uid567	46,20,50,15,31,41,8,29,3,35,37,16,42,13,14
uid568	8,51,53,41,43,11,19,42,39,31,52,37,2,6,32,0,10,16,26,1,18,47,48,34,7,5,38,3,13,4,24,17,56,30,33,20,27,44
uid569	16,1,39,47,18,41,17,6,24,42,21,13,4,56,34,48,7,52,10,5,31,38,40,43,44,35,37,3,32,27,26,0,29,11,30,20,8,33,45,46,2,19,53,50,14
uid570	32,24,14,27,31,7,29,52,13,33,26,50,46,34,9,4,6,10,18,35,42,43,49,30,41,28,19,15
uid571	41,42,34,35,4,52,32,53,19,44,3,29,33,50,17,16,47,31,26,39,30,6,2,20,27,21,14,5,11,43
uid572	1,35,0,31,55,27,33,32,34,30,8,44
uid573	1,27,18,47,17,41,8,51,53,43,13,11,19,48,7,52,10,31,33,24,42,32,26,4,56,3,35,37,40,55,30,20,45
uid574	32,33,18,19,15,10,2,27,46,36,11,53,6,17,31,0,26,41,35,43,24,13,3,47,8,52
uid575	14,30,18,41,27,19,55,29,6,24,10,34,50,37,32,0,46,26,36,53,15,13,2,35,43,42,33,20,54,4,31,28,8,52,7,49,1
uid576	0,26,1,27,39,18,43,47,17,41,29,34,48,52,10,5,7,38,32,31,40,44,37,55,42,19,6,35,53,46,33,4,3
uid577	17,29,31,39,30,34,26,20,40,27,50,43,35,7,10,18,51,0,56,8,19,21
uid578	29,35,11,33,26,50,53,14,19,52,0,31,28,6,32,18,43,15,30,10,2,27,4,37,20,34,46,36,8,13,16,17,9,39,24,3,41,12,51,44,1,47,42,21
uid579	27,33,24,17,56,44,26,1,0,18,39,43,32,42,10,55,40,48,34,7,5,21,30,20,2,45,31,35,53,46,47
uid580	14,41,42,19,52,3,35,26,46,11,36,0,32,28,31,18,33,34,45,30,17
uid581	7,34,9,31,4,43,24,52,6,10,46,26,13,27,50,37,41,18,35,54,42,29,33,32,1
uid582	47,55,7,35,26,19,34,37,11,36,53,20,46,32,4,10,33,30,50,52,43,6,3,31,5,27,24,40,44,17,9,39,13,29
uid583	19,18,47,33,21,39,6,2,35,32,16,31,27,48,10,44,50,20,3,43
uid584	27,1,0,31,13,18,55,50,4,52,42,7,10,26,41,43,33,32,14,54,30,35,6,37,8,19
uid585	11,46,0,33,32,47,5,3,4,24,34,40,44,42,55,19,7,27,13,41,12,51,8,53,43,52,14,37,15,31,35,26,36,30,18,29,39
uid586	43,18,47,17,41,29,6,24,39,42,13,32,26,0,52,44,35,37,27,8,7,38,34,49,10,4,31,1,46,2,28,14,15,19,33,30
uid587	42,29,3,35,33,7,34,43,5,8,19,31,48,46,47,21,6,44,4,18,13
uid588	10,52,7,0,31,33,41,34,42,4,19,13,5,27,43,32,6,39,35,16,23,30,47,48,40,44,50,18,29,36,20,26,3,38
uid589	31,5,34,0,35,4,27,24,14,16,52,13,8,41,19,51,53,44,17,47,39,42,21,18,26,43
uid590	41,42,19,14,29,8,51,53,13,6,11,31,2,32,0,35,27,44,16,1,18,39,43,47,17,48,34,52,7,5,10,38,40,3,37,4,24,26,30,20,33,55,46
uid591	11,53,32,31,52,46,47,0,44,35,26,2,19,18,3,33,27
uid592	1,0,13,31,18,8,27,33,6,43,10,45,34
uid593	26,19,37,34,46,36,53,11,8,41,31,2,6,32,0,35,33,47,21,52
uid594	27,29,42,32,1,43,39,33,6,34,50,0,46,4,41,18,35,52,54,26,19,37,36,10,11,53,48,5,38,31,40,51,2,3,7,13,47,30,24
uid595	4,44,18,31,17,46,45,43,47,0,32,8,5
uid596	1,32,24,14,27,31,7,29,52,13,34,9,4,43,46,6,10,41,18,35,54,42,8,49,26,33,17,11,53,50,19,0,47,20,30,3,12,48,5,38,40,51,15,37
uid597	4,10,33,34,31,27,37,6,17,29,8,32,19,53,41,11,43,3,7,35,13,42,46,16,26,18
uid598	27,29,42,32,1,43,39,28,0,14,31,6,33,19,15,4,10,5,24,40,34,35,48,7,38,51,11,16,17,9,55,13,47,20,30,41,3,26,12
uid599	43,6,19,8,39,53,4,0,33,27,3,7,35,37,42,41,31,44,26,1,18,17,24,32,56,52,15,47,34,10,22,2
uid600	27,8,33,7,44,13,48
uid601	5,0,35,47,11,29,32,24,14,27,7,31,52,13,1,37,55,34,43,46,6,4,10,15,2,42,33,20,30,16,26,18,39
uid602	15,42,43,33,32,13,14,54,7,34,4,24,44,6,1,37,50,30,18,41,27,47,3,35,10,46,16,52,29,31,53,0,45,17,19,11,5,23,21,48,40
uid603	40,29,8,32,51,19,41,53,43,11,6,7,35,37,13,42,4,31,30,33,20,47,27,44,45,3,46,34,10,22,0,38,50,18,26,52,5,16,23
uid604	19,13,7,27,47,32,20,30,41,34,3,24,26,12,33,52,0,23,29,8,51,53,11,35,42,37,6,31,43,44,45,16,1,39,18,17,46,15,10,55,38,48
uid605	18,32,43,33,19,15,2,30,27,29,42,1,6,14,41,26,13,24,0,31,3,35,8,17,28,10,11,50,53,52,34,36,20,46,39,16,4
uid606	31,3,7,35,37,13,42,6,4,24,39,17,18,21,32,26,43,27,20,30,34,12,33,5,8,41,47,44,38,10
uid607	19,31,50,42,41,34,35,37,52,32,13,26,39,23,47,33,6,2,27,14,21,5
uid608	52,6,8,42,7,10,4,41,31,26,1,15,35,2,43,32,33,13,20,14,54,39,24,34,0,30,18,27,19,55,29,28,17
uid609	5,3,27,24,40,35,44,33,28,0,19,14,18,43,15,30,2,29,26,50,53,52,31,41,20,49,8,4,47,1,13,32,36,10
uid610	15,26,34,46,8,0,33,24,47,44,43
uid611	3,27,17,19,29,21,51,50,47,16,32,31,39,26,30,23,34,36,18,24,20,25,48,49,45,40,10,44,43,35,7,6,37,8,0,55
uid612	48,7,5,31,27,41,13,20,30,24,3,14,18,42,55,35,43,46,37,50,54,34
uid613	4,41,18,35,6,8,42,27,7,49,10,26,13,15,24,3,47,33,32,19,53,46,11,31,17,34
uid614	52,32,29,8,19,11,53,51,41,43,6,27,18,13,38,31,44,46,3,24,47,42,15,34,55,33,16
uid615	0,44,1,8,16,26,27,39,18,17,47,41,29,24,42,21,32,4,34,48,7,52,5,38,10,31,40,43,3,37,35,6,13,11,53,46,33,2,19,50
uid616	27,47,34,6,0,28,43,31,24,46,10,40,55,33,22,7,18,8,13,38,44,52
uid617	42,11,3,32,2,33,50,19,34,0,4,47,1,31,13,9,43,24,52,14,27,16,26,37,18,6,55,35,8,10,41,5,44,39
uid618	18,39,47,43,41,48,34,7,5,10,38,32,31,27,40,17,42,21,44,33,26,16,3,35,37,13,6,4,52,30,8,20,45,24,46,55,0,22,11,53,2,19,29,50,14
uid619	42,11,29,32,46,39,27,6,33,48,55,1,35,31,13,18,37,41,52,54,9,43,10,50
uid620	35,47,13,3,15,34,26,6,31,43,40,18,42,37,14,0,50,41,4,53,19,55,44,52,24,8,32,48,11,27,10,51,20,17,49,46,2,29,33,5,22,45,39,36,25
uid621	14,32,0,43,34,44,33,35,2,26,17,45,18,21,51,50,42,52,4,41,39,37,27,13
uid622	48,52,0,15,7,47,30,44,20,18,33,8,1,39,29,11,19,51,13,56,26,24,31,42,43,35,37,10,38,34,22,53,46,2,27,50,32
uid623	41,18,35,52,54,34,29,46,27,37,13,31,7,9,4,24,43,44,6,3,33,32,1,14,16,19,8,5,0,47
uid624	55,13,33,7,27,32,47,30,20,41,34,3,12,29,8,19,53,43
uid625	4,11,37,15,26,20,34,16,17,9,43,39,55,19,46,36,8,53,0,32,41,31,49,5,3,47,27,24,13,35,33,7,42,52,14,30,12
uid626	1,32,24,14,27,31,50,8,19,34,0,33,35,47,4,38,7,29,16,52,37,18,3,6,9,43,44,46,42,11,30,2,10,15,13,20,54,41,55,23,26,48,17
uid627	8,27,35,33,32,55,15,13,2,42,43,20,14,54,7,30,47,3,12,34,31,52,10
uid628	46,39,8,27,35,33,6,32,41,4,18,52,42,15,13,2,43,20,30,14,54,29,28,0,19,31,10,26,37,34,36,11,53,48,7,5,38,40,47,44,3,21
uid629	24,14,31,29,16,13,3,33,42,11,32,35,7,34,4,43,44,46,52,6,10,41,1,55,37,18,26,15,0,8,36
uid630	35,13,4,6,31,27,43,39,53,33,8,0,10,16,26,1,18,47,17,41,29,24,42,21,56,44,37,52,23,7,38,22,46,34
uid631	52,34,6,8,42,27,7,49,10,4,31,26,41,1,47,13,32,20,30,3,12,0,15,24,35,36,44,16,39,18,17,29
uid632	27,30,10,48,47,31,6,44,40,21,33,32,42,39,20,35,2,41,34,37,4,19,52,11,46,17,14,43
uid633	19,8,31,2,32,6,0,35,48,43,44,47,5,10,34,7,42,15,3,26,17,21,27,18,20
uid634	40,24,34,33,35,44,32,13,26,0,15,36,41,31,52,5,10,19,51,53,43,8,6
uid635	50,47,26,16,31,32,39,41,35,18,29,27,48,40,10,44,30,6,24,36,20,14,43
uid636	15,26,33,47,21,6,2
uid637	41,27,1,35,0,31,13,18,55,37,4,46,16,26,15,2,43,42,33,32,20,54,39,30,19,47,3,29,10,34,24,21,53,44
uid638	52,34,6,8,42,27,7,10,41,4,31,26,47,15,35,2,43,33,32,1,30,18,19,55,45,39,50,0,37,46,28,36,14,20
uid639	8,29,19,53,37,46,6,0,48,52,10,5,31,27,42,15,3,43
uid640	55,4,37,41,18,54,42,31,27,35,33,2,15,43,34,52,8,7,10,26,6,39,32,0,46,16,29,28,19,50,3
uid641	42,52,18,27,34,13,33,7,9,31,24,44,43,46,6,10,0,36,37,56,47,8,39,55,19,4
uid642	10,29,53,50,19,52,26,13,15,24,0,3,36,31,8,5,4,33,32,41,35,44,27,47,30,20,12,51,43,11,7,22
uid643	47,34,7,10,41,13,43,26,27,42,35,6,3,37,30,0,39,44,52,31,49,8,33
uid644	52,34,8,6,27,42,49,7,10,4,41,26,31,1,14,18,30,19,55,3,35,29,28,0,32,33,15,2,37,46,36,11,53,20,45,43,50,47,24,13,40,44,39,17,23,51,48,5
uid645	31,2,6,27,10,4,48,33,11,46,32,52,24,36,34,18,20,26,14,41,42,35,19,53,37,8,0,47,55,39,43,5,17
uid646	7,52,3,41,33,42,6,43,47,44,37,0
uid647	32,24,14,27,31,29,16,52,13,4,41,18,54,42,46,39,35,33,6,1,0,55,50,19,5,34,47,37,8,10,11,23,30,48,40,36,25,26
uid648	31,10,40,41,7,3,35,15,37,13,42,4,6,39,17,18,26,32,43,30,47,20,44,27,8,33,45,38,34
uid649	8,0,43,46,53,51,6,31,52,32,27,9,18,44,3,35,17,45,34,50
uid650	42,11,29,31,30,32,35,33,7,34,9,43,6,10,37,46,36,53,8,44,28,52,14,0,18,15,4,20,2,48,5,41,3,21,27,47,39
uid651	14,31,32,33,43,19,15,18,30,2,27,48,34,7,5,10,38,41,40,8,51,11,53,3,37,42,35,13,6,4,44,16,1,0,39,47,17,26,20,9,24,21,45,52
uid652	4,37,34,17,9,43,33,31,53,26,49,7,27,13,32,47,20,41,30,3,24,12,8,29,6,11,19
uid653	52,6,8,42,7,10,41,1,47,44,16,0,26,27,39,18,43,17,29,13,20,30,24,34,3,12,15,36,35
uid654	5,32,40,10,43,27,47,4,35,6
uid655	21,42,39,6,2,20,32,27,14,52,11,33,19,53,44,31,3,47,48,40,10,50,18
uid656	0,31,8,35,33,6,32,34,42,27,10,4,26,41,46,37,50,18,52,3,7,13,47,30,12,43,38,44
uid657	1,32,14,27,31,7,19,29,16,52,13,34,4,43,44,46,6,10,42,11,41,18,35,54,8,26,49,33,39,50,53,0,47,20,30,3,12,48,5,40
uid658	10,35,33,26,50,53,52,19,31,34,24,36,46,25,32,45,37,56,8,39,55,43,5,18,42,27,4,0,30,21,17,3,44,41,22,15,2,6,16
uid659	11,37,15,34,16,17,39,4,13,53,52,41,26,49,7,27,47,32,20,30,3,24,12,29,8,19,51,1
uid660	52,34,6,8,49,41,31,4,26,33,30,24,3,27,32,47,7,12,13,20,44,0,16,39,1,29,43,17,18,15,35,10,36
uid661	26,20,43,39,13,33,42,30,16,29,0,31,17,9,4,34,35,55,32,50,19,15,37,53,11,14,44,36,46,8,40,24,3,41,27,47,12,10,48,7,5,52
uid662	26,19,34,11,36,20,46,0,48,7,5,31,41,51,53,43,13,6,8,37,35,42,4,39,33,44,27,16,1,32,56,47,23,29,15,52,10,22,2
uid663	42,11,29,31,3,32,35,1,0,55,37,4,7,34,9,43,46,39,8,27,6,33,10,50
uid664	40,18,42,21,32,56,7,15,35,37,13,4,6,31,47,43,30,27,20,44,8,33,24,22,0,38,48,11,53,46,2,26,34
uid665	6,39,10,32,37,0,46,16,27,31,34,7,9,43,52,4,15,13,2,33,20,42,14,30,54,8,35,55,50,29,53,19,51,3,47,41,24,26,12,48,5,38,40
uid666	35,37,42,13,41,4,6,31,48,34,7,52,10,32,40,8,19,26,56,43,16,44,1,27,0,39,18,47,17,23,30,33,20,53,11
uid667	24,39,17,18,21,42,32,26,4,43,56,7,30,47,20,31,27,44,8,33,6,13,48,34,52,23,3,41,2,0
uid668	31,39,1,27,17,41,43,24,18,13,42,32,56,3,35,6,47,15,29,8,44,33,37,4,46,22,0,34,26,2,52,19,50
uid669	32,54,27,43,39,17,47,21,15,0,30,34,10,18,26,44,31,50,46,2,41,42,35,52,14,33,6
uid670	27,33,44,50,52,0,22,8,13,34
uid671	42,24,39,47,17,4,21,13,18,27,32,26,56,43,7,30,20,31,6,38
uid672	11,37,15,20,34,17,4,43,13,33,53,52,31,26,49,7,27,32,47,30,3,41,12,8,19,51,6
uid673	18,8,10,31,7,55,37,19,43,27,36,42,30,34,11,4,41,46,47,44
uid674	42,39,35,27,30,47,50,43,41,18,51,26,20,6,44,36,24,53,32,34,52,46,10,45
uid675	41,31,40,10,24,39,17,18,42,13,32,27,56,7,3,15,35,37,4,6,44,47,43,46,34,33,22,0,8,38,48,52,11,53,26,2
uid676	3,26,15,24,31,35,13,10,41,0,16,20,39,42,2,19,7,47,27,32,30,12,53,43,8,44,1,18,29,34,48,5,52,40,55,6,17,22
uid677	31,2,32,0,35,10,27,16,26,1,47,17,29,6,48,34,7,5,39,18,21,42,15,13,37,4,41,3,24,33,49,8,43,38
uid678	0,1,39,18,43,47,17,41,29,6,48,5,10,31,40,13,32,7,3,35,37,42,4,44,52,23,15,30,33,20,8,24,55,22,27,11,46,34,26
uid679	19,44,29,33,27,17,47,21,42,52,34,37,31,0,32,8,39,43
uid680	0,1,31,13,18,55,4,44,3,19,39,53,29,8,35,42,21,32,26,27,30,33,20,24,40,10,43,11,46,41,52,34,6,17,14
uid681	39,0,27,52,6,15,35,43,33,42,30,55,28,19,10,50,32,8,17,26,24,36,3,47,34,4,44,31
uid682	8,29,11,41,27,26,49,43,0,42,3,37,14,4
uid683	21,29,27,14,52,43,47,6,2
uid684	30,18,41,27,19,55,52,35,34,29,26,37,36,11,53,46,32,3,31,33,44,17,50,48
uid685	19,27,2,32,35,10,26,33,50,11,53,14,52,3,5,40,34,24,16,17,4,39,9,42,55
uid686	15,13,2,43,32,33,20,42,14,30,46,39,0,54,35,4,41,10,52,24,44,11,9,53,31,26,49,27,3,34,29,8,51,6,7,37
uid687	18,6,7,8,38,13,48,34,44,31,52,10,27,30,47,35,11,53,46,32,17,43,50,29,41,51,3,26,0,42,19,33,49,45,36,24,25
uid688	19,51,41,53,11,6,8,44,16,0,1,27,39,18,43,47,29,17,24,42,32,56,34,48,52,10,5,31,40,7,38,13,3,46,15,55,30,33,20,23,35,37,4,22,21,14
uid689	32,24,27,7,29,52,13,31,16,1,19,14,34,9,43,10,4,6,46,44,42,11,3,41,18,35,0,26,47,20,30,12,8,51,53
uid690	19,31,8,5,34,0,35,27,33,4,41,42,13,7,32,20,47,11,53,50,52,15,16,43,39,55
uid691	19,53,44,18,3,29,33,17,27,50,16,47,32,26,31,39,41,35,30,21,48,40,10,6,42,20
uid692	0,4,24,19,44,33,35,42,14,52,6,3,31,8,32,47,23,29,43,27,18,13,46
uid693	39,18,17,43,41,6,24,42,13,26,48,5,10,31,3,7,35,4,47,44,37,32,46,15,55,27,8,34,33,0
uid694	42,43,7,6,18,52,32,0,33,27,34,37,56,55,31,21,53,9,5,24,20
uid695	43,39,47,17,29,41,24,42,56,4,5,34,31,10,32,3,55,6,18,44,22,7,27,46,48,35,26,15,33,52
uid696	29,42,3,52,19,14,55,27,47,13,7,30,34,20
uid697	4,20,47,43,31,44,27,8,33,18,6,7,13,38,52,10
uid698	11,37,15,26,20,34,16,17,43,39,13,4,55,33,53,31,41,49,7,27,47,30,3,24,12,8,29,51,19,6
uid699	8,0,6,38
uid700	42,41,4,6,31,5,3,47,27,24,43,7,8,18,38,13,48,34,44,11,53,17,52,35,19,32
uid701	43,26,6,50,33,15,31,41,47,17,8,19,34,29,51,32,11,13,53,2,10,35,0,27,28,14,18,30,37,46,36,3,7,20,12,24,39,4,44,48,52,5,40
uid702	24,0,43,6,32,33,42,52,56
uid703	31,40,10,24,47,17,42,18,32,26,4,56,43,7,3,35,37,13,41,6,44,33,30,27,20,8,0,52,29,46,15,55,22,39,38,48,53,34,2
uid704	24,39,17,18,42,32,26,4,43,27,6,7,8,38,34,13,44,10,35,11,53,46,52,31,21,14,33,47,41,2,20
uid705	18,6,3,27,33,1,0,13,31,55,4,37,50,28,19,15,30,2,32,29,52,43,26,34,20,24,36,35,8,5,44,47,23,7,46
uid706	7,24,43,44,46,6,52,10,4,27,31,41,15,35,13,2,42,33,20,14,54,34,29,32,1
uid707	42,32,35,18,29,23,48,6,10,27,7,31,20,30,3,26
uid708	52,34,6,8,42,26,15,32,24,0,31,3,13,36,10,41,16,1,39,18,43,47,17,29,44,50,19,46,48,45,37,51,20,38,7,35,21
uid709	50,29,4,48,43,27,6,8,44,31,34,35,20,18,32,30,47,40,10,11,52,46,0,26,2,36,24,14,19,53,3,33
uid710	46,27,33,4,41,18,35,52,54,34,31,29,13,7,37,6,42,1,39,10,49,26,9,24,36,0,32,43
uid711	32,43,6,37,36,50,26,3,31,34,17,35,29,0,33,11,10,53,44,13,15,24,28,19,18
uid712	27,29,32,39,43,1,6,33,42,30,19,47,18,41,55,14,52,7,34,35,3,5,4,24,31
uid713	46,32,31,7,0,41,34,42,52,35,37,19,53,44,18,29,33,27,47,43,26,48,8,13,10,3
uid714	3,27,31,42,33,6,32,52,7,10,4,41,26,49,1,18,47,28,15,19,36,20,34,44,0
uid715	32,44,10,40,46,30,41,19,42,3,33,0,43,31,47
uid716	41,1,27,35,31,13,0,37,55,4,46,16,26,50,18,39,8,6,33,32,34,15,42,43,2,20,14,30,54,52,29,48,19,45,24,51,53,11
uid717	32,51,19,17,41,6,34,43,13,11,53,31,42,2,24,39,18,47,56,33,44,4,46,10,48,52,5,38,3,37,35,27,21,26,40
uid718	11,2,43,31,27,52,4,53,22,39,55,8,13,10,30,6,3,51,47,33,41,20,42,35
uid719	24,14,27,7,31,29,13,52,4,18,37,33,3,8,42,11,32,35,9,34,43,46,6,10,1,55,26,41,0,39,48,15,2,20,30,54,50,19
uid720	24,13,41,5,4,42,55,52,3,39,37,31,6,51,35,27,33,44,47,34,19,17,53,43,0,7,32,10,8
uid721	39,17,18,42,21,32,13,7,3,37,35,6,31,19,52,30,33,47,20,27,8,0
uid722	4,3,33,18,6,37,5,8,42,29,11,31,32,2,34,7,9,43,44,24,27,1,14,16,19,50,35,0,47,46,13,41,55,52,10,26
uid723	39,24,10,34,32,37,27,29,33,52,42,7,4,1,41,49,47,19,55,13,35,43,53,26,14,31,0,5,40,44,11,20,17,9,30,3,12,8,51
uid724	50,19,52,0,31,28,14,6,18,33,43,32,30,15,2,27,26,10,53,4,11,37,20,34,16,17,9,39,13,55,46,36,8,3,5,47,24,40,35,44,41,42,7,12,29,51
uid725	41,26,31,49,20,19,39,52,42,14,3,5,27,47,4,24,40,34,33,35,44,32,16,0,1,43,18,17,29,48,6,7,10,38
uid726	26,9,17,32,4,46
uid727	26,17,18,43,31,10,52,32,27,40,36,44,6,7,37,35,13,46,47,33
uid728	4,18,42,15,13,35,2,33,20,14,54,7,47,27,32,30,41,34,3,12,43,6,8,10
uid729	13,27,4,43,18,6,8,38,7,44,11,33
uid730	46,27,4,18,42,41,29,31,8,48,32,15,35,13,2,33,20,54,14,52,34,6,7,49,10,1,39,24,0,30,19,55,43
uid731	24,14,7,16,29,19,8,0,31,27,4,33,3,42,11,32,35,9,34,43,44,46,6,55,48
uid732	50,53,14,52,28,0,31,33,43,27,18,37,26,19,36,20,41,49,24,4,34,35,44,13,10,55,42,3,47,7,32,30,29,8,48,5
uid733	4,37,31,3,33,5,8,6,18,27,42,11,32,30,29,2,35,10,7,34,9,43,52,24,46,44,49,41,26,1,47,15,13,20,54,14,19,50,0
uid734	4,35,42,43,24,12,27,41,20,33,31,9,26,8,30,3,34
uid735	47,29,26,39,31,23,34,18,21,46,25,53,20,27,48,17,45,50,6,44,15,43,11,10,37,32,0,8,55,19,42,5
uid736	31,40,10,8,29,32,19,51,53,41,43,3,7,15,35,42,37,13,6,4,20,30,33,27,47,44,45,24,55,34,46,0,22,38,48,50,18,52,11,17,21,14,5,16,26,39,23
uid737	40,44,30,34,50,35,18,3,32,16,29,47,31,26,48,17,45,43,39,56,24,33
uid738	6,39,11,27,52,3,33,29,21,41,47,32,26,31,23,20,50,48,30,12,43,34,10,40,18,7,35,44,0,46
uid739	0,32,34,39,46,16,27,42,33,6,8,49,10,41,4,31,26,1,18,19,52,29,43,35,3,7,37,36,53,11,50,24,13,47,20,30,12,51,15
uid740	26,19,34,46,36,11,43,6,50,3,17,16,39,33,42,14,10,35,5,47,24,44,32,13,0,41,31,4,27
uid741	7,34,9,43,31,52,46,4,10,6,18,41,54,35,42,29,8,27,26,13,30,3,33
uid742	35,41,6,42,31,52,0,23,29,15,7,33,30,47,20,43,27,8,44,45,32,24,3,46,34,40,18,13,48,22,11,53,17,4,19,16,26,39,14,5,21,50
uid743	16,26,37,50,31,46,41,27,18,1,35,13,55,4,42,15,2,43,33,20,30,14,54,52,34,6,8,7,10,49,29,32,39,0,47,19,36,11,53
uid744	13,53,52,31,41,26,20,49,7,47,27,30,34,3,24,12,29,8,32,19,51,6,11
uid745	30,42,19,52,27,44,33,32,37,14,51,4,8,6,47,13,20,15,3,31,34,48,7,0,10,53,29,1,26,39,17,43
uid746	43,34,29,35,41,7,20,18,6,44,3,32,26,17,46,45,50,38,51,37,31,27,56,0,8,47,39,55,21,19,42,5,24,33,13,52,36,4,1,2,22,30,15,49,9,48
uid747	13,19,8,44,16,26,0,27,1,39,43,47,18,17,6,42,32,4,48,34,52,7,10,31,38,40,37,35,3,33,41,46,2,11,53,29,21,5
uid748	31,27,20,44,8,33,52,0,23,29,43,6,18,38,13,48,34,32,24,3,46,42,15,10,55,35,11,53,17,22,7,39,4,41,19,37,47,21,2,14,5,16,26,30,36,25
uid749	35,31,8,47,27,24,4,40,34,44,33,32,41,42,19,43,3,13,7,20,30,29,53,11,39,0,10,48,52,5
uid750	32,43,28,19,14,31,18,33,15,10,27,4,26,16,9,39,37,36,11,20,46,0,24,13,35,41,8,42,55,52,3,7,47,34,12,51,53
uid751	11,19,14,50,44,32,39,29,47,16,34,20,4,55,13,31,33,17,9,43,26,37,36,53,0,46,35,7,8,56,27,21,42,5,41,10,49,52,3,18,6,23,51,38,30
uid752	1,14,27,16,31,24,30,32,2,35,4,18,54,42,29,6,49,10,43,33,44,50
uid753	39,18,43,47,17,41,6,52,23,29,8,19,51,53,11,48,34,7,5,10,38,32,31,27,40,24,26,3,4,33,35,42,37,13,30,20,46,15,55
uid754	41,18,52,54,34,42,31,29,28,19,14,0,32,6,43,33,15,30,10,2,27,47,55,7,35,3,4,37,11,13,20,24,12,5,40,44,21,56,48,38,8,51,53,23,46,45,17
uid755	26,20,34,16,43,9,17,4,39,55,13,33,19,37,11,36,53,8,46,0,32,47,5,3,27,24,35,44,15,31,10,41,42,52,14,7,30,12,29,6,50,51,48,38,40
uid756	20,32,27,47,41,30,3,12,8,19,53,11,43,7,33,44,34,48,52,5,31,42,35,6,4,24,29,37,38,46,0,26,2,50
uid757	33,5,35,44,34,10,41,0,50,3,28,18,15,13,42,4,40,7,43,32,55
uid758	52,6,8,42,27,7,49,10,41,31,26,1,47,30,55,35,33,34,28,19,14,18,32,43,15,2,29,11,53,50,4,37,16,9,39,13,46,36,20
uid759	8,31,0,32,20,41,49,43,13,3,37,29,27,14,55,42,53,4,24,52,40,34,50,44,47,26,11,10,33,19,15
uid760	27,29,42,32,1,43,39,33,10,4,45,31,34,17,30,28,19,0,14,6,18,15,2,44,35,11,26,53,50,52,37,46,36,8,20,16,9,13,3,41,47,49
uid761	10,33,31,37,8,28,14,18,6,32,15,30,2,27,52,42,3,17,29,41,26,39,43,19,55,13,47,20,24,12,34,7,51,11,4,45,0,36,53,40
uid762	15,2,13,35,42,33,32,14,53,50,26,52,28,41,46,49,36,20,6,19
uid763	6,33,13,43,10,39,27,46,14,42,26,9,4,55,29,52,31,50,3,47,8
uid764	17,31,43,35,47,49,41,37,53,18,42,20,32,27,13,6,15,44
uid765	43,3,17,19,29,42,32,1,51,39,0,4,53,10
uid766	43,6,27,7,8,34,44,52,4,48,19,53,18,3,33,32,21,41,35,0,23,29,37,47,42,16,31,26,30,50,40,36,24,25,49,17,45,13,2
uid767	5,31,24,47,42,21,26,13,44,35,41,23,32,3,33,27,20,8,22,43,6,7,39,0,4,48
uid768	3,42,0,10,2,32,6
uid769	55,21,17,8,43,0,35,6,3,41,5
uid770	19,8,5,34,0,26,13,15,24,35,36,41,31,43,39,53,37,33,4,51,46,27,6,7,47,20,30,3,29,44,16,1,18,32,42
uid771	54,1,8,11,3,4,38,31,32,35,33
uid772	33,6,41,4,27,34,10,37,0,17,39,35,26,32,21,13,7,1,31,30,44,15,14,3,29,47,20,8,45,52,43,38,48,24,46,40,55,18,23,42,2,5,16
uid773	7,34,4,43,44,52,6,10,41,18,35,54,42,31,29,19,5,8,27,26,50,3,17,40,24,33,32,51,53,13,11,16,1,39,47
uid774	13,10,0,41,19,14,31,50
uid775	9,43,44,52,6,4,10,7,5,27,40,13,20,47,30,41,26,24,18,35,42,29
uid776	11,37,26,15,34,43,9,4,13,53,31,20,49,7,27,47,41,30,3,12,33,8,51,19,6
uid777	19,55,39,31,42,37,3,43,27,53,33,44,8,51,4,46,10,7,13,29,32,41,6,47,20,30,24,34,17,21,18,26,56,16,0,1,48,5,52,40
uid778	2,6,32,20,34,24,18,36,46,25,26,27
uid779	33,17,31,28,0,6,32,15,18,30,34,36,46,53,11,37,9,39,42,41,19,8,51,43,10,7,3,35,22,4,48,52,47,40,27,20
uid780	41,19,55,14,42,3,29,32,13,43,11,8,52,34,7,10,40,44,26,0,1,27,18,21,33,6
uid781	34,52,10,5,38,32,31,40,27,43,39,53,33,4,44,8,51,46,0,6,2,3,7,35,37,42,41,47,29,19,13,55
uid782	31,41,7,13,33,43,6,32,48,27,34,46,47,44,42
uid783	4,41,35,52,42,31,6,50,0,46,8,27,10,33,32,43,39,14,18,7,3,28,19,15,30,2,37,11,34,26,55,51
uid784	37,3,33,18,52,34,42,7,49,6,31,4,41,35,13,32,20,14,28,19,26,46,36,11,53,5,40,24,15,0,43,47
uid785	46,0,11,53,8,52,31,41,26,20,49,13,15,24,3,36,10,35,5,27,4,33,42,55,19,39,14,7,47,32,30,34,12,29,51,43,6,44,37,23
uid786	16,31,32,26,39,23,41,30,34,50,21,27,48,47,6,10,43,35,7,18,44,25,53
uid787	47,32,31,26,41,23,35,30,21,42,39,6,2,20,14,11,52,33,27,43,34,18,50,29,0,51,10
uid788	19,44,18,31,47,32,39,23,41,35,27,48,40,50,33,21,42,6,34,36,24,46,52,26,43,29,7,37,56
uid789	31,27,56,32,0,8,47,55,39,43,21,19,5,34,42,16,29,26,23,35,44,6,3,4,2,41,24,36,18,46,25,53
uid790	31,41,10,40,3,35,37,7,42,4,24,39,26,21,32,13
uid791	13,32,0,24,15,26,35,36,10,3,31,8,41,7,47,12,44,39,43,17,42,52,34,6,4,33,5,22
uid792	14,42,19,55,35,32,10,11,53,26,0,27,29,36,46,31,37,8,39,43,34
uid793	32,2,41,6,52,8,18,43,48,36,0,47,37,46,27,31,4,30,49,28,33,19,11,26,50,44,17,53
uid794	35,42,31,27,43,6,18,8,48,34,44,52,30,33,47,20,45
uid795	0,31,27,35,6,48,32,7,34,9,43,46,52,10,4,29,42,1,39,33,24,8,49,41,26,14,30,55,19,11,37,15,20,16,17,53,13,47,3,12,51,44,18
uid796	29,4,32,33,18,3,17,39,13,41,52,35,27,14,43
uid797	41,27,1,35,31,0,13,55,37,4,8,32,42,33,43,10,34,6,11,52,19,50
uid798	19,5,34,0,33,4,31,27,38,1,32,24,14,7,16,13,35,18,52,54,41,42,29,46,39,8,6,48,26,37
uid799	4,41,35,52,54,34,42,31,29,6,8,27,7,28,19,0,14,32,18,43,33,15,30,10,2,44,13,47,20,3,24,26,12,51,53,48,11,46,17,22,38
uid800	51,53,8,0,26,1,18,39,43,47,24,17,42,21,32,27,56,48,34,52,7,5,10,38,31,40,44,37,3,35,41,6,30,33,20,23,29,46,15,55,22,13,4,2,19,14
uid801	1,35,31,13,55,50,37,46,26,41,18,28,27,19,34,36,11,0,43,6,3,15
uid802	43,1,47,37,35,8,34,5,31,42,32,17,3,41,44,30,33,20,29,0,15,40,6,7,27,48,4,11,52
uid803	33,27,43,48,7,5,10,31,55,19,42,14,6,3,13,47,20,30,41,34,12,35,44,16,26,1,18,39,17,24,4,37,52,0,46,2,53,32,21
uid804	0,52,30,23,29,15,7,20,47,43,31,44,27,8,33,18,45,28,19,14,32,2,10,34,9,6,42,11,3,13,48,38,24,41,37,4,35
uid805	15,0,24,31,13,35,36,10,41,8,42,55,19,52,43,3,5,4,33,34,51,53,39,17,18,21,32,44,16,26,1,27,48
uid806	41,1,35,31,8,49,6,10,32,39,33,37,26,34,0,3,13,4,27,5,15,16,17,19
uid807	11,26,20,34,16,13,53,8,52,31,49,7,27,32,3,6,44,1,39,43,18,47,42,35,2,19,17,37,0,23,33,21
uid808	11,17,43,31,33,13,44,14,52,29,19,27,15,37,36,53,8,32,41,26,20,16,47,39,23,46,0,50,45,34
uid809	46,15,31,4,26,17,9,32,52,11,40,34,10,43,35
uid810	37,11,16,43,39,13,5,3,27,24,32,44,0,15,36,26,10,14,7,41,35,20,47,30,33,55,19,29,8,53,6
uid811	47,4,5,26,13,44,32,34,31,3,0
uid812	50,19,8,5,34,35,0,47,4,31,14,24,7,29,18,6,9,43,46,52,10,42,3,32,2,37,13,1,55,44
uid813	19,46,36,53,20,11,0,32,37,39,4,13,31,52,30,41,27,55,3,35,15,24,10,33,34,6,17,2,42,43,29,26,9,16,50,44
uid814	52,6,34,8,42,49,27,7,41,10,4,31,26,1,15,35,43,33,54,20,14,30,47,29,32,0,16,17,39,28,19,18,5
uid815	0,1,27,39,18,43,47,17,41,48,34,52,5,10,32,31,40,24,42,21,13,26,56,7,35,37,6,4,44,30,33,20,8,45,23,29,3,46,55,22,11,2
uid816	31,24,42,32,4,43,7,3,37,35,13,41,44,47,30,33,20,27,8,45,0,52,15,40,22,18,34,48
uid817	43,31,53,10,27,6,29,34,40,24,33,44,0,15,3,13,26,37,8,11,46,32,47,39,42,48,51,2,52,35,19,21,36,18,14,20,9,50,12
uid818	51,31,32,0,35,27,39,53,33,44,8,4,46,10,43,1,17,47,15,24,13,26,41,7,3,37,42,6,29,19,11,30,20,34,48,5,52,40
uid819	27,42,33,32,43,31,26,3,4,48,52,7,5,0,10,19,39,35,13,41,6,34
uid820	17,10,38,32,31,40,43,7,3,35,37,42,13,41,6,30,47,27,20,0,52,23,29,44,8,33,24,15,22,39,18,48,34,4,26
uid821	43,31,47,6,34,18,26,32,14,49,48,19,45,50,27,56,0,8,39,55,21,17,44,35,3,37,33,4,46,41
uid822	41,18,54,32,1,43,39,6,19,5,0,34,47,4,42,11,2,33,27,45,37,38,8,13,48,44
uid823	41,42,34,19,6,31,13,44,32,52,50,27,21,18,8,47,33,2,24,55,46,0,26,22,53
uid824	46,26,32,14,48,19,37,50,45,31,56,8,0,47,27,39,43,21,42,34,5,17,51,29,10,15,6,55,40,4,13,18,33,44,35,3,1,2,41,22,20,7,30,52,49,24,53,9
uid825	42,11,32,33,7,34,31,4,6,37,18,8,1,14,13,48,41,29,27,30,47,10,52
uid826	27,29,42,33,32,1,28,14,0,6,18,43,19,15,2,26,37,34,36,53,46,11,3,31,17,8,4
uid827	43,13,6,19,8,16,26,0,1,27,39,18,47,17,41,29,24,42,21,32,4
uid828	10,7,13,47,27,32,20,41,34,3,12,26,31,29,8,53,19,51,11,43,6,42,14,15,24,0,35,36,39,17,44,16,1,18
uid829	21,32,33,47,42,39,51,3,2,20,6,41,35,4,48,49,17,46,19,45,50,22,0,7
uid830	31,0,52,29,7,30,47,27,20,44,8,33,32,15,10,55,6,22,39,43,38,13,48,34,35,3,4,53,46,42,26
uid831	1,32,24,27,19,34,46,10,6,42,49,41,26,47,35,11,53,52,7,13,20,30,3
uid832	19,28,0,18,32,33,15,10,30,2,27,5,47,4,24,44,26,13,41,35
uid833	27,42,32,39,43,33,26,6,8,19,34,36,53,11,14,30,41,47,55,52
uid834	47,6,42,44,31,43,37
uid835	52,34,8,49,6,10,41,4,31,30,42,35,43,29,33,27,37,17,28,0,14,32,19,15,18,2,26,36,11,39
uid836	27,43,6,18,7,8,38,48,13,44,26,2,53,32,31,29,50,41,42,52,34,35
uid837	26,19,37,11,36,53,31,21,32,23,35,47,33,42,39,20,18,50,29
uid838	4,10,33,27,45,34,31,37,6,29,8,19,43,11,41,51,53,7,13,42,35,3,46,16,26,50,18
uid839	27,43,6,18,7,48,34,31,52,46,47,44,35,26,2,0,39,22
uid840	26,33,2,6,27,18,7,13,34,52,44
uid841	33,37,45,43,20,13,19,0,27,29,3,30,39,16,6,26,31,2,51,10,35,46,34,52,7,4
uid842	39,18,43,0,17,29,41,47,6,42,32,56,26,3,24,46,15,10,40,44,33,35,31,37,27,8,7,38,48,13,34,51,2,11,52,19,50,4,21,20
uid843	32,18,2,33,15,24,36,0,43,39
uid844	1,27,39,18,43,47,29,24,17,42,32,26,56,48,34,7,5,10,38,31,44,37,3,35,41,6,4,0,52,30,33,20,8,55,22,13,11,46
uid845	35,52,53,17,18,31,43,27,34,6,0,26,8,11,32,3,33,24,7,46
uid846	52,34,6,8,42,27,7,49,41,10,26,31,4,47,1,16,44,0,39,17,18,43,29,13,30,20,32,24,3,12,33,15,35,36
uid847	39,27,35,33,32,19,42,1,43,52,8,7,49,6,10,41,4,31,26,34,36,53,46,11,55,40,24,28,0,14,18,15,2,17
uid848	35,13,26,10,41,31,8,3,5,47,27,4,24,33,34,32,7,20,30,12,42,55,39,52,19,37,43,53,0,6,48,38,40,17,18,56,44,15
uid849	15,26,20,16,34,17,43,39,4,13,33,31,42,55,19,52,41,7,27,47,30,3
uid850	52,6,8,42,49,7,10,4,41,31,26,1,0,15,24,3,35,13,36,20,47,27,30,12,39,18,43,17
uid851	26,13,0,15,24,3,35,36,10,41,31,8,27,43,39,53,33,44,4,51,46,6,7,47,32,20,30,34,12,29,19,11,16,1,18,17,42,38,45,37
uid852	4,37,31,3,33,6,1,35,0,13,18,55,50,46,26,27,41,39,8,32,52,54,34,7,49,10,15,42,43,20,14,11,16,53,5,47,40,24,30
uid853	42,4,31,48,36,24,18,34,49,46,45,50,32,35,39,6,2,20
uid854	24,14,31,7,34,43,44,6,10,4,11,32,2,16,1,39,27,0,47,18,17,42
uid855	38,32,31,41,34,44,35,7,3,37,42,4,6,13,53,51,8,43,11,39,47,24,18,27,29,15,33,2
uid856	1,32,24,14,27,31,7,29,16,13,52,34,4,43,44,46,6,10,42,11,3,41,18,35,54,0,37,55,50,8,49,47,19,28,33,15,2,30,53,26,20,12,39,5,40,51
uid857	10,41,31,8,5,47,3,24,40,34,33,32,42,55,37,19,51,53,43,16,26,1,0,27,39,48,52,38,18,4,7,15,35,6,44
uid858	33,22,7,27,43,6,18,8,13,52,34,10,31,44,35,53,46,17,47,20,45,42,19,41,50
uid859	11,41,43,34,8,4,33,13,16,15
uid860	14,48,34,7,52,5,10,32,31,27,3,4
uid861	7,31,43,44,6,4,10,32,24,14,27,29,52,13,33,41,35,42,39,49,47,34,19,0,18,15,30,2,20,8,11,46,50,26
uid862	37,33,3,6,18,42,11,31,32,2,35,9,34,4,10
uid863	42,29,32,3,2,35,33,10,7,43,20,30,6,15,47,19,50
uid864	33,52,21,31,48,30,29,51,32,43,41,18,19
uid865	27,43,6,18,8,7,38,48,13,34,31,44,4,41,35,54,42,29,11,53,46,32,52,17,14,47,55,19,30,3,39,24,56,26,21,20,12,33
uid866	1,32,24,27,14,31,7,29,52,13,4,37,18,3,33,6,5,15,35,2,42,20,30,54,43,26,8,38,48,34,44,23,41,0,47,36,46,17,45,50,53,25,40,10,19,39,12,51,21
uid867	42,11,30,32,35,2,10,33,15,43,20,14,54,50,41,34,52,3,47,17,19
uid868	0,17,48,34,31,27,10,47,24,21,29,56,41,32,11,13,43,8,42,6,46,22,39,18,7,3,26
uid869	33,18,2,11,17,26,16,31,39,3,42,43,13,41,12,27,6,10,46,53,29,44,0,47,5,52,34,48,40,15,32,4,35
uid870	52,34,6,8,42,49,7,4,32,37,16,27,1,41,55,29,10,53,50,14,47,5,24,35,20
uid871	42,11,29,31,3,30,32,2,35,10,33,7,9,34,4,43,24,46,52,6,41,27,1,0,13,55,37,50,16,26,18,39,8,54,15,20,17,47,23,21
uid872	19,53,44,31,18,29,33,27,21,14,47,32,42,39,41,6,2,20,35,49,17,46,45,50,51,16,26,23,43,34,7,10,38,30,48,40,52,37,0,56,8,55
uid873	46,27,26,37,19,8,5,34,0,33,47,4,31,7,9,43,44,52,6,10,41,1,13,55,39,35,32,22,18,38
uid874	10,34,43,20,38,6,52,5,14,11,42,2,32,31,19,29,48,45,9
uid875	4,18,27,34,24,1,0,31,13,50,46,55,48,10,6,35,29,41,19,32,44,14,52,15,43,33
uid876	7,34,31,4,9,24,43,44,46,6,10,35,16,37,27,26,13,41,18,29,33,32,39,11,17,55,50,53,14,0,19,52
uid877	7,13,27,47,32,20,30,3,12,33,29,8,19,51,41,53,11,43,1,0,48,34,52,5,10,31,35,37,42,6,24,18,21,44
uid878	44,29,35,11,26,53,50,0,52,31,5,3,27,4,34,24,40,33,37,43
uid879	20,46,0,43,50,6,26,3,15,31,8,17,34,4,11,37,9,39,55,13,42,19,52,14,32,10,33,53,24,35,36,41,44,5,47
uid880	1,32,24,14,27,31,7,19,29,16,52,37,3,33,18,6,42,11,34,9,4,43,46,0,8,35,41,10,50,26,36,53,48,17,47,44,13,39
uid881	13,36,8,27,24,4,34,33,35,42,19,55,39,52,3,17,26,32,56,47,44,43,31,37,7,41,6,20,53,30,18,38,10,40
uid882	18,3,5,31,50,27,7,43,6,4,10,41,1,13,37,52,29,0,46,35,32
uid883	48,52,5,10,31,32,40,3,35,37,42,13,24,18,21,26,4
uid884	20,18,27,48
uid885	26,37,34,11,53,20,46,0,43,31,47,41,8,33,13,42,55,19,39,52,14,3,35,50,5,27,40,24,10,44,4
uid886	13,1,31,14,26,34,37,19,11,46,36,20,53,0,32,6,43,33,29,8,15,3,35,42,10,50,52,5,24,4,44
uid887	10,34,30,41,27,55,19,35,15,42,2,32,43,33,20,54,29,52,26,37,36,28,18,6,3,31,17,8,9,39,13,7,48
uid888	51,11,19,42,44,31,27,39,41,3,37,29,23,15,7,30,43,45,0,52,35,47,21,32,4,34,6,22,33,10,13,2,17,50
uid889	50,34,29,35,7,18,6,44,32
uid890	37,0,52,29,31,32,26,53,19,18,3,33,17
uid891	20,34,17,9,4,37,31,27,6,18,36,46,25,26,32,14,48,40,10,44,42,52,35,11
uid892	41,27,1,35,0,31,55,4,26,37,39,8,6,32,18,52,42,15,13,30,34,7,49,10
uid893	26,1,27,39,47,43,41,6,29,48,34,52,10,5,32,31,40,3,7,35,37,42,4,24,56,44,20,8,18,13,46,33,53
uid894	48,34,5,10,31,40,7,13,47,32,20,30,3,12,27,33,52,8,49,41,4,26,1
uid895	16,47,32,26,6,40,15,20,42,0,2,27,41,43,34,52,18,3,37
uid896	1,35,0,13,31,55,37,4,50,9,10,8,6,33,41,18,42,27,47,7,43,26,3,17,11,20,39,44,53
uid897	1,24,14,27,31,7,29,52,34,9,4,43,6,10,41,18,35,54,42,0,13,8,49,26,15,2,33,20,39,32,46,16,37,50,11,53,19,55,47,30,3,12,48,5,40
uid898	32,24,27,31,7,16,3,33,6,5,4,43,52,26,37,13,41,18,42,10,49,39,55,35,28,34,36,20,8,46,50,47,19
uid899	3,33,18,5,8,0,35,24,31,11,29,2,32,6,10,28,15,34,20,19,26,52,27,13
uid900	33,30,19,34,6,17,13,42,18,52,3,10,35,37,4,15,11,26,9,55,44,31,47,41,14,43,32,12,51,0
uid901	43,7,27,47,30,41,34,3,44,1,39,18,17,29,6,42,21,48,5,10,31,37,35,4,22,0,52,46
uid902	50,19,34,0,4,47,27,24,31,7,13,33,8,32,43
uid903	31,26,4,41,49,27,29,42,33,32,1,43,39,6,19,28,0,14,18,30,2
uid904	34,3,0,52,15,23,29,48,31,27,47,30,40,6,10,44,36,18,32,25,35,43,26,13,42,41,37
uid905	6,39,24,10,34,50,0,37,46,27,33,52,42,8,49,7,31,41,26,1,55,35,29,28,19,14,18,32,15,30,53,11,36,20,4,43,13,3,47
uid906	46,41,31,18,13,35,2,42,43,33,30,6,24,10,34,32,0,37,27,19,7,29,11,53,14,28,1,45,4,8,36
uid907	30,18,41,47,19,15,13,35,2,42,43,33,32,52,34,6,8,7,49,10,4,31,26,1,55,3,53,20
uid908	4,24,33,2,31,6,27,39,43,53,44,26,13,32,36,0,3,42,14
uid909	47,17,41,29,6,39,24,42,18,21,32,26,43,27,7,13,38,34,44,35,31,11,33,2,20
uid910	44,34,36,24,18,46,25,53,27,32
uid911	6,33,3,4,48,43,27,18,8,34,31,19,53,50,32,29,26,39,41,23,35,21,20,0,52,15,47,44,37,42,36,24,46,14,49,17,45,13
uid912	13,47,20,32,3,41,30,34,24,8,19,51,43,53,6,48,52,5,38,7,31,27,44,35,37,0,23,15
uid913	13,19,26,15,24,0,31
uid914	48,7,38,31,27,41,40,3,37,35,42,33,0,1,39,43,29,26,44,47,52,23,15,30,18,6,8,13,32,34,10,17,22,4,19,51
uid915	0,53,29,41,6,19,39,47,8,3,32,15,4,17,13,42,24,18,7,34,44,38,31,11,33
uid916	1,32,24,14,27,31,7,29,16,52,13,34,9,4,43,46,6,10,41,18,35,54,42,8,49,11,33,26,50,53,19,0,47,20,30,3
uid917	42,3,13,20,32,30,41,24,26,27,53,11,8,39,4,44,51,33
uid918	53,20,26,32,14,34,19,0,43,44,35,2,31,18,33,50,27,40,6,39,41,23,21
uid919	6,44,43,31,35
uid920	43,18,27,8,13,48,31,22,7,35,53,52,33,47,0,46,34,44,2,26,19,3,29,42,41,4,32,30,40,10,50,20,51,49,45
uid921	47,17,13,21,27,3,55,34,44
uid922	29,16,32,26,36,34,52,18,40,44,31,30,45,48
uid923	52,8,7,49,42,41,4,10,31,6,34,9,43,44,14,24,32,27,30,47,19,55,35,29,13,33,3,45,37,18,26,50,11,53,0,46,2,21,36,20,38,51
uid924	19,18,50,21,29,47,16,32,31,26,39,41,23,35,34,36,24,46,25,53
uid925	47,35,41,27,48,10,30,46,43,34,0,44,26,2,42,52,4,37,19,6,32,13
uid926	11,37,15,34,17,4,13
uid927	41,42,34,35,4,19,37,47,32,21,33,39,6,2,20,14,52,27,43,50,29,16,31,26,23,30,53,44,18,7
uid928	33,44,32,26,13,15,0,24,31,35,10,41,8
uid929	37,42,6,56,43,21,48,44,47,52,35,0,29,15,24,46,10,13,31,7,34,32,16,23,26,30,14
uid930	29,18,24,36,46,52,27,35,32,43,31,55
uid931	31,50,34,6,44,43,33,16,36,37,39,26,29,19,27,21,30,1,0,5
uid932	27,41,42,34,4,19,37,6,52,13,32,31,47,36,18,24,46,25,26,44,9,39,43
uid933	41,4,18,52,54,42,31,29,34,7,9,43,24,46,6,10,19,50,0,35,27,26,11,53,13,8,44,16,1,39,47,17
uid934	31,6,32,18,33,44,53,26,50,14,52,0,16,39,13,55,19,5,4,27,36,11,8,46,3,24,40,34,15,10,41
