uid0	7,34,9,31,43,4,47,24,33,35,39,15,32,55,50,38,18,26,3,44,40,13,8,48,42,0,17,41,19,52,21,2
uid4	24,14,7,29,52,13,34,9,43,6,4,10,42,11,41,18,31,27,1,35,55,37,33,8,49,26,47,28,0,19,32,15,2,30,50,53,20,3,12,45,39,51
uid19	34,48,7,10,52,5,32,38,31,17,18,42,13,56,35,3,47,43,44,37,27,46,0,4,24,6,30,33,20,8,45,29,55,22,53,26,2,41
uid29	1,31,13,4,41,18,52,46,8,6,33,55,32,37,9,16,53,26,49,5,24,44,7,47,27,20,30,3,51,11,42,43,35,10,0,34,40
uid30	43,11,13,31,36,24,35,27,4,5,47,55,26,20,41,14
uid41	42,34,9,6,31,3,2,32,10,27,50,1,13,55,46,24,52,8,7,18,38
uid46	4,37,26,34,16,43,9,39,33,55,13,53,52,41,31,49,20,7,30,32,47,27,24,3,12,29,8,19,51,11
uid57	31,50,19,8,34,35,0,41,27,29,1,33,6,32,7,42,10,49,26,37,20,16,17,43,55
uid59	1,0,27,39,43,47,17,41,29,6,8,51,19,53,11,48,52,5,10,31,4,33,42,13,26,56,7,3,35
uid62	31,37,27,17,53,8,26,49,6,32,2,0,43,50,3,19,35,47,4,42,29,34,16,13,33
uid67	7,13,47,27,32,30,20,34,3,24,12,33,10,43,6,8,48,22,0,53,46,31
uid72	52,34,6,8,42,27,10,49,41,31,4,26,1,13,35,15,33,43,2,20,30,14,54,18,19,55,29,39,50,32,16,45,37,17,28,3,47
uid75	27,43,6,13,47,30,20,41,34,3,24,12,33,29,8,19,53,51,11,39,18,17,42,32,26,4,52,54,31,38,48,44,10,14,55,7,35
uid76	4,16,17,9,43,39,13,53,8,52,31,41,26,7,27,20,30,3,12,33
uid83	5,34,35,33,47,38,1,14,32,24,27,31,7,13,18,37,3,42,11,9,43,4,10
uid88	5,3,24,40,34,33,44,32,53,26,31,49,19,8,47,4,27,1,35,0,13,18,55,37,50,10,29,11,15,36,41
uid89	19,43,53,8,26,1,39,18,47,17,41,6,42,21,32,48,7,34,52,5,10,38,31,40,3,13,35,37,4,44,0,30,33,27,20,24,46,22,11
uid100	2,21,6
uid103	8,44,3,7,35,6
uid106	32,6,31,19,33,43,18,15,30,10,2,27,4,11,37,20,34,17,9,39,13,55,46,36,53,0,8,41,26,49,3,47,24,35,44,42,52,14,7,12
uid110	35,31,17,53,11,32,52,46,47,43,34,44,27,39,33,4,8,51,0,6,10,42,2,26,37,24,18,13,21,56,1,29,16,48,7,41,40,38,5,3,22,23,15
uid114	8,0,31,10,11,33
uid121	43,27,6,18,7,8,13,34,44,31,52,10,11,53,46,32,26,37,41,9,4,24,29,30,20,47,3,12,33,14,42,19,55,35,49,54
uid125	29,31,10,3,6,34,36,18,24,53,25
uid127	15,35,33,43,13,4,7,34,9,31,24,46,52,6,10,0,41,18,54,29,16,26,27,37,42,30,8,49,1,55,50,32,39,3,36,19,48,44,47,5,38
uid128	50,29,10,18,26,43,27,6,13,44,52,34,37,35
uid135	4,37,33,27,6,3,8,42,2,31,30,1,35,0,50,34,43,7,9,10,41,13
uid139	41,31,40,10,19,53,51,13,11,6,8,7,3,35,37,42,4,30,33,47,20,43,44,45,32,24,46,15,55,0,22,27,39,18,38,48,34,52,50,26,17,21,14,5,16,23
uid142	37,31,51,6,2,32,0,10,5,3,47,27,4,40,24,34,35,44,33,46,7,30,43,20,8,52,39,53
uid144	15,2,33,30,39,46,48,32,42,35,13,20,55,6,31,0,8,14,24,19,18,26,36,53,28,11,34,37,54,43,27,4,52,56,10,45,17,41,7,29,49,47,3,1
uid151	27,31,13,39,17,42,18,21,26,43,29,8,19,51,48,34,5,38,10,32,41,44,16,1,6,47,37,3,35,30,20,33,24,15,40,55,0,52,22,7,11,46,4
uid154	7,13,31,33,44,8,4,43,32,10,47,30,20,41,34,3,55,39,53,48,5,38,27,37,35,42,6,0,23
uid165	50,35,34,20,43,18,6,32,36,24,25,26,17,45,31,27,56,0,8,47,39,21,55,19,3,4,37,33,44,5,1,41,49,52,15,48
uid169	11,10,33,27,8,31,26,6,3,29,50,53,19,52,0,47,4,24,34,35,44
uid173	27,4,24,32,39,8,0,6,13,7,47,30,41,3,33,12,29,19,51,53,26,44,16,1,43,18,17,34,48,52,40,21,56,35,42,31,37,10,55,50
uid177	27,1,35,0,31,13,18,55,37,50,39,6,33,48,32,46,4,41,52,15,2,42,43,14,34,36,24,3,44,8,5,47,22
uid180	29,8,19,41,53,43,6,0,1,26,39,18,47,17,42,21,32,44,35,37,15,3,7,13,4,31,48,5,52,10,38,40,27,22,46,34,2,50,20,9,33,12,45
uid184	27,39,53,31,37,33,4,8,51,0,46,6,43,55,19,34,5,13,7,30,32,20,12,3,47,42
uid186	27,42,32,43,33,34,46,26,3,6,31,8,10,11,53,50,52,40,51,17,9,39,4,55,13,7,20,30,41
uid190	11,37,15,20,34,17,16,4,43,39,13,33,53,52,8,31,26,49,41,7,27,47,3,24,12,29,19,32,51,6
uid194	31,27,33,6,3,42,32,2,35,24,43,46,10,1,0,13,18,37,55,4,16,26,39,34,17,30,11,53,50,52,19,28,14,15,36,20,48,7,5
uid200	31,19,8,0,47,38,43,7,18,6,13,48,44,52,34,42,41,35,32,11,53,46,21
uid205	29,8,19,41,51,53,11,43,13,6,7,3,35,37,42,4,31,52,34,27,10,26,49,1,30,55,18,54
uid207	19,5,0,33,34,31,15,24,13,35,8,27,43,39,53,44,4,46,10,26,1,18,47,17,41
uid209	44,26,27,1,0,18,39,47,43,17,41,29,6,34,48,5,52,10,7,38,31,40,24,42,32,3,15,37,35,33,4,30,20,8,45,46,13,22,11,53,2,19
uid211	29,51,41,53,13,19,8,52,42,14,3,31,26,27,24,4,34,44,32,28,6,18,43,33,15,10,7,9,50,37,49,35,2,30
uid212	1,32,24,14,27,7,31,29,16,13,52,3,18,8,42,35,9,34,4,43,6,10,26,37,46,50,0,55,33,41,54,11,30
uid215	42,29,32,2,35,33,4,37,31,3,6,8,1,24,27,7,34,19,0,52,43,47,38,41,13,46,26,18,48,22,11,53,44,23
uid217	42,29,7,27,32,39,35,34,51,3,19
uid219	32,37,0,46,16,26,15,24,36,10,8,44,31,18,6,3,34,7,29,35,11,53,50,41,13,19,33,27,43,38,42
uid222	0,41,37,31,43,32,27,53,52,4,33,35,42,6,34,56,48
uid223	46,0,32,5,27,4,24,34,33,35,44,26,13,15,31,3,36,41,8,42,19,55,39,7,30,20,47,12,52,37,43,29,53,6,48,10,40
uid228	40,13,41,24,55,31,42,43,3,51,2,32,0,10,39,27,46,53,4,19,11,6,8,48,34,52,5,18,26,7,35
uid230	19,53,44,31,18,33,50,21,47,42,6,20,2,16,32,29,26,39,41,35,23,30
uid234	8,7,3,37,35,42,41,4,31,48,52,5,10,27,24,18,13,32,26,56,44,0,1,39,47,17,43,11,46,33,30,20,6,22,34,2,19,53,16,29,23
uid235	52,34,8,10,4,26,31,41,47,15,0,24,32,35,13,36,30,20,27,3,12,44,16,1,39,18,43,17,29,6
uid236	31,8,5,3,47,27,4,35,44,33,42,55,19,39,52,37,43,26,34,36,11,53,46,0,16,29,32,51,41,6,15,2,10
uid241	26,39,31,23,41,48,6,47,40,10,35,34,50,20,33,12,15,43,52,18
uid245	11,37,34,9,43,4,39,55,53,31,41,26,20,49,7,13,27,47,32,30,3,12,33,8,19,51
uid251	46,39,27,10,53,43,48,34,40,32,52,38,31,5,41,7,13,47,44,6
uid256	47,43,27,20,44,8,33,7,15,3,37,35,42,6,41,31,39,53,4,46,0,24,17,18,21,26,13,32,56,16,1,29,48,34,10,5,52,40,55,22
uid265	20,44,39,33,12,15,43,53,3,18,29,27,19,34,50
uid268	32,31,10,26,0,40,27,34,19,11,43,29,6,41,38,52,33,17,24,39,42,18,13,7,3,35,37,4,44,47,30,20,8,45,22,46,53,2,48
uid269	13,27,0,17,56,48,52,7,10,40,35,41,6,23,43,20,33,44,3,24,46,34,32
uid271	17,18,42,21,13,32,7,3,15,35,37,33,41,6,31,30,43,27,20,44,8,10
uid279	18,39,43,47,41,29,23,8,32,19,51,11,53
uid285	27,7,13,32,30,20,3,34,33,19,42,41,39,14,8,51,43,53,2,1,44,10,18,47,31,52,5,38
uid287	35,27,30,48,44,10,41,6,7,34,20,24,52,31,29,16,32,14
uid291	4,33,10,27,45,31,8,30,29,19,51,41,53,43,6,11,13,26,50,3,15,17,34,7,35,37,42,46,16,18
uid308	10,7,38,32,31,40,19,27,34,41,43,13,11,3,35,37,4,42,6,33,30,47,44,20,8,45,15,18,24,46,55,0,22,48,52,39,50,26,51,29,53,17,21,14,5,16,23
uid309	31,7,3,42,6,55,19,2,0,52,14,35,10
uid311	20,41,31,6,27,44,16,26,1,0,18,39,43,47,17,48,34,52,7,5,10,32,40,3,24
uid316	50,52,19,28,0,14,31,18,43,32,33,30,10,15,2,4,11,17,9,39,13,55,37,34,36,53,3,5,27,24,35,26,8,42,7,47,41,12,29
uid321	24,27,31,29,16,7,9,43,46,52,6,10,42,11,41,18,1,35,0,13,55,4,34,8,49,32,39,15,33,30,54,14,26,53,47,20,3,12,48
uid322	6,34,0,16,18,43,7,42,39,33,9,31,4,45,17,35,26,36,46,53,8,41,20,15,24,13,10,5,27,3,44
uid324	0,47,43,39,17,41
uid326	32,33,15,19,30,18,10,2,44,53,52,37,34,46,36,26,31,20,0,24,8,13,41,49,17,35,27,29,3,43,16,42,55,39,14,47,7,12,5,4,11,50,6,51
uid327	7,13,27,47,32,20,30,3,12,4,31,6,17,10,37,33,8,45,34,43,18,38,48,52,44
uid333	41,48,10
uid334	11,37,15,20,34,16,9,43,39,33,13,8,53,31,52,26,41,49,7,27,47,32,30,3,24,12,29,19,51,6
uid338	42,29,31,3,32,2,35,33,10,1,24,14,27,7,19,16,13,37,6,34,9,43,44,46,52,41,18,5,30,20,47,12,55,8,51,53,17
uid339	43,18,32,19,33,15,10,30,2,27,7,3,35,13,42,37,41,6,31,4,5,47,24,40,22,0,53,11,46,52
uid343	53,31,52,41,26,20,49,4,37,11,15,34,16,17,9,39,43,55,13,33,7,27,47,32,30,24,3,12,8,29,19,51,6
uid345	8,48,34,7,52,10,38,32,31,41,3,35,37,42,4,6,26,1,27,0,39,18,43,47,24,44,23,30,33,20,15,17,22,46,19,53,29,50,40
uid353	52,34,8,6,42,7,27,49,10,41,4,26,31,39,24,32,0,46,16,29,33,1,43,37,11,15,20,17,9,13,55,44,3,35,36,5,47,40,48,38,2
uid357	32,10,35,26,19,37,34,46,36,11,53,8,20,15,16,17,43,39,4,13,33,52,31,41,49,6,42,27,7,1,50,3,29,0,47,30,24,12,14,18,55
uid358	30,48,40,27,44,50,29,21,33,32,47,42,39,20,35,16,26,31,41,23,24,34,13,0,52,36,37,9,46,3,4,18,43,8,6,5,1,2,55,19,7,15,49,53
uid362	46,0,32,43,26,6,50,3,15,31,41,8,34,5,47,27,4,24,40,33,35,44,42,55,19,39,52,14,37,18,7,38,13,2,48,29,17,21,23,16
uid363	26,50,53,14,0,28,31,18,33,10,30,15,19,37,36,11,34,4,17,20,43,13,27,3,32,41
uid374	19,53,31,18,27,35
uid377	4,32,24,46,6,26,17,13,44,47,31,37,43,27,38,48,34,10,42,2,3,29
uid386	24,14,27,31,7,29,13,4,18,37,3,33,5,42,32,30,2,35,10,34,43,44,46,52,6,1,0,55,39,8,41,54,26,49,15,20,47,28,19,36,53,11,50,17
uid396	52,14,44,3,32,6,35,22,4,33,0,24,31,34,27,37,47,55,39
uid397	31,33,18,3,7,6,10,42,32,43,28,19,0,30,26,46
uid399	53,11,43,19,8,42,55,31,14,51,2,6,0,32,10,26,44,1,39,18,47,17,41,29,48,34,52,7,5,40,3,35,37,13,56
uid409	19,34,33,4,1,24,14,27,31,7,29,52,37,3,42,11,32,44,46,6,10,41,0,35,13,55,26,39,15
uid416	13,7,47,27,32,30,3,34,41,12,33,39,18,42,43,56,44,51,10,46,8,31,53,6,4,0,37,55,19,35,11,52,17
uid419	48,34,7,5,10,32,31,40,24,42,56,41,35,37,20,8,0,47,22,27,6,18,38,52,33,4,44,26,46,19,13,53,3,29
uid421	0,27,37,43
uid424	42,32,34,33,37,17,31,14,41,18,47,19,35,29,28,15,30,2,10,50,53,52,13,48,49,46,45
uid425	4,24,35,19,31,51,2,6,10,42,14,3,32,13,0,26,41,8,43,27,53,37,33,44
uid426	6,33,13,24,27,46,14,54,42,10,32,29,35,11,26,50,53,19,52,0,31,4,15,34,16,43,9,39,3,47
uid431	31,19,5,34,0,47,4,27,43,18,42,41,52,35,21
uid437	27,41,39,17,42,32,56,24,3,46,15,34,22,7,0,43,6,8,38,13,48,44,31,47,35,26,2
uid446	41,48,10,52,32,20,34,7,0,50,19,31,55,39,43,15,4,29
uid448	18,31,27,29,42,32,1,33,14,43,0,6,19,2,30,10,39,51,4,44,47,21,52,23,37,35
uid449	55,34
uid464	32,46,15,19,37,27,33,11,0,20,14,31,26,9,49,34,4,17,39,55,13,35,43,8,41,40,44,52,42,10
uid472	27,29,33,32,1,43,6,26,3,50,31,8,19,15,24,0,11,37,20,16,9,39,55,34,46,53,41,18,30,42,35,5,4
uid475	51,31,2,6,32,0,10,48,34,5,52,40,7,3,37,35,42,13,4,44,47,43,30,20,27,8,33,24,46,15,41,19,21,14
uid476	19,32,5,40,4,35,33,13,15,41,0,36,31,42,47,20,30,24,8,43,51,6,48,34,52
uid477	29,8,32,41,53,43,13,6,19,31,0,35,10,50,34,20,7,18,27,30,3,56,47,55,39,21,48,5,42,33
uid479	37,26,20,34,16,9,17,39,4,13,7,27,32,47,41,3,24,12,33,8,29,19,51,53,43,11
uid481	27,41,0,1,31,18,13,4,46,39,6,8,35,32,16,26,37,54,52,34,42,2,43,33,15,20,30,14,49,10,7,24,50,29,55,47,48,36,25
uid484	16,26,1,39,47,43,18,17,41,6,8,29,19,53,13,11,48,34,7,52,5,10,38,32,31,27,40,42,4,3,56,33,35,15,37
uid493	7,34,9,43,6,10,16,27,50,31,13,46,33,32,39,41,42,28,19,0,14,18,15,2,36,53,8,45,24,37,30
uid499	29,1,0,27,39,18,43,47,41,17,6,8,19,51,53,11,48,34,7,52,10,5,38,32,31,40,3,33,24,42,21,35,37,4,46,30,20,44
uid505	26,6,50,33,3,31,41,8,19,34,53,52,20,49,7,13,27,32,30,24,12,29,51,11,43
uid507	13,7,47,32,20,30,3,48,34,52,31,27,40,8,6,42,49,41,4,10,1,14,18,35,29
uid510	11,53,46,31,47,43,34,0,35,33,26,2,4,32,48,21,42,6,20,27,14,5,52,19,18,50,29,39,41,30,23
uid516	32,4,39,34,10,7,3,37,13,35,42,41,6,47,31,30,33,27,8,45,52,48,24,40,55,53,17,46,0
uid517	39,24,42,26,4,44,47,31,3,37,7,35,41,20,33,27,0,52,10,40,34,55,32,22,8,13,48,6,46
uid527	22,7,0,27,35,11,53,52,31,17,41,42,34,4,19,37,6,32,44,18,29,3,47,33,21,39,2,20,14,43,16,26,23,30,51,50
uid530	18,8,44,33,35,13,42,3,37,7,15,41,39,27
uid531	26,31,44,16,39,0,27,1,43,47,18,41,34,5,32,10,40,51,33,3,6,4,24,21
uid536	34,35,44,33,32,31,2,6,0,27,7,47,13,20,30,41,3,24,12,29,19,8,51,11,43,53,39,37,46,4,18,42,21,26,56,16,1,17,48,52,5,10,38
uid539	34,8,27,43,39,53,47,0,44,35,33,26,2,19,31,18,3,29,17,50,21,42,6,20,16,32,41,23,30
uid544	55,19,37,34,11,36,53,46,31,26
uid545	0,26,16,1,44,39,18,17,41,47,43,29,6,24,42,32,5,10,27,56,34,48,7,38,52,31,40,3,37,35,13,4,21,8,11,46,33,2,19,53
uid556	10,41,35,16,0,27,1,47,43
uid557	52,42,7,49,4,10,26,31,50,53,14,19,0,13,15,24,41,8,30,3,12,51,44,47,37,17,46,43,34,33,35,18
uid573	1,27,18,47,17,41,8,51,53,43,13,11,19,48,7,52,10,31,33,24,42,32,26,4,56,3,35,37,40,55,30,20,45
uid575	14,30,18,41,27,19,55,29,6,24,10,34,50,37,32,0,46,26,36,53,15,13,2,35,43,42,33,20,54,4,31,28,8,52,7,49,1
uid578	29,35,11,33,26,50,53,14,19,52,0,31,28,6,32,18,43,15,30,10,2,27,4,37,20,34,46,36,8,13,16,17,9,39,24,3,41,12,51,44,1,47,42,21
uid581	7,34,9,31,4,43,24,52,6,10,46,26,13,27,50,37,41,18,35,54,42,29,33,32,1
uid583	19,18,47,33,21,39,6,2,35,32,16,31,27,48,10,44,50,20,3,43
uid592	1,0,13,31,18,8,27,33,6,43,10,45,34
uid593	26,19,37,34,46,36,53,11,8,41,31,2,6,32,0,35,33,47,21,52
uid594	27,29,42,32,1,43,39,33,6,34,50,0,46,4,41,18,35,52,54,26,19,37,36,10,11,53,48,5,38,31,40,51,2,3,7,13,47,30,24
uid597	4,10,33,34,31,27,37,6,17,29,8,32,19,53,41,11,43,3,7,35,13,42,46,16,26,18
uid608	52,6,8,42,7,10,4,41,31,26,1,15,35,2,43,32,33,13,20,14,54,39,24,34,0,30,18,27,19,55,29,28,17
uid609	5,3,27,24,40,35,44,33,28,0,19,14,18,43,15,30,2,29,26,50,53,52,31,41,20,49,8,4,47,1,13,32,36,10
uid616	27,47,34,6,0,28,43,31,24,46,10,40,55,33,22,7,18,8,13,38,44,52
uid618	18,39,47,43,41,48,34,7,5,10,38,32,31,27,40,17,42,21,44,33,26,16,3,35,37,13,6,4,52,30,8,20,45,24,46,55,0,22,11,53,2,19,29,50,14
uid621	14,32,0,43,34,44,33,35,2,26,17,45,18,21,51,50,42,52,4,41,39,37,27,13
uid628	46,39,8,27,35,33,6,32,41,4,18,52,42,15,13,2,43,20,30,14,54,29,28,0,19,31,10,26,37,34,36,11,53,48,7,5,38,40,47,44,3,21
uid629	24,14,31,29,16,13,3,33,42,11,32,35,7,34,4,43,44,46,52,6,10,41,1,55,37,18,26,15,0,8,36
uid630	35,13,4,6,31,27,43,39,53,33,8,0,10,16,26,1,18,47,17,41,29,24,42,21,56,44,37,52,23,7,38,22,46,34
uid632	27,30,10,48,47,31,6,44,40,21,33,32,42,39,20,35,2,41,34,37,4,19,52,11,46,17,14,43
uid634	40,24,34,33,35,44,32,13,26,0,15,36,41,31,52,5,10,19,51,53,43,8,6
uid638	52,34,6,8,42,27,7,10,41,4,31,26,47,15,35,2,43,33,32,1,30,18,19,55,45,39,50,0,37,46,28,36,14,20
uid639	8,29,19,53,37,46,6,0,48,52,10,5,31,27,42,15,3,43
uid643	47,34,7,10,41,13,43,26,27,42,35,6,3,37,30,0,39,44,52,31,49,8,33
uid646	7,52,3,41,33,42,6,43,47,44,37,0
uid648	31,10,40,41,7,3,35,15,37,13,42,4,6,39,17,18,26,32,43,30,47,20,44,27,8,33,45,38,34
uid649	8,0,43,46,53,51,6,31,52,32,27,9,18,44,3,35,17,45,34,50
uid650	42,11,29,31,30,32,35,33,7,34,9,43,6,10,37,46,36,53,8,44,28,52,14,0,18,15,4,20,2,48,5,41,3,21,27,47,39
uid651	14,31,32,33,43,19,15,18,30,2,27,48,34,7,5,10,38,41,40,8,51,11,53,3,37,42,35,13,6,4,44,16,1,0,39,47,17,26,20,9,24,21,45,52
uid660	52,34,6,8,49,41,31,4,26,33,30,24,3,27,32,47,7,12,13,20,44,0,16,39,1,29,43,17,18,15,35,10,36
uid668	31,39,1,27,17,41,43,24,18,13,42,32,56,3,35,6,47,15,29,8,44,33,37,4,46,22,0,34,26,2,52,19,50
uid677	31,2,32,0,35,10,27,16,26,1,47,17,29,6,48,34,7,5,39,18,21,42,15,13,37,4,41,3,24,33,49,8,43,38
uid679	19,44,29,33,27,17,47,21,42,52,34,37,31,0,32,8,39,43
uid689	32,24,27,7,29,52,13,31,16,1,19,14,34,9,43,10,4,6,46,44,42,11,3,41,18,35,0,26,47,20,30,12,8,51,53
uid694	42,43,7,6,18,52,32,0,33,27,34,37,56,55,31,21,53,9,5,24,20
uid700	42,41,4,6,31,5,3,47,27,24,43,7,8,18,38,13,48,34,44,11,53,17,52,35,19,32
uid703	31,40,10,24,47,17,42,18,32,26,4,56,43,7,3,35,37,13,41,6,44,33,30,27,20,8,0,52,29,46,15,55,22,39,38,48,53,34,2
uid705	18,6,3,27,33,1,0,13,31,55,4,37,50,28,19,15,30,2,32,29,52,43,26,34,20,24,36,35,8,5,44,47,23,7,46
uid711	32,43,6,37,36,50,26,3,31,34,17,35,29,0,33,11,10,53,44,13,15,24,28,19,18
uid712	27,29,32,39,43,1,6,33,42,30,19,47,18,41,55,14,52,7,34,35,3,5,4,24,31
uid715	32,44,10,40,46,30,41,19,42,3,33,0,43,31,47
uid719	24,14,27,7,31,29,13,52,4,18,37,33,3,8,42,11,32,35,9,34,43,46,6,10,1,55,26,41,0,39,48,15,2,20,30,54,50,19
uid720	24,13,41,5,4,42,55,52,3,39,37,31,6,51,35,27,33,44,47,34,19,17,53,43,0,7,32,10,8
uid722	4,3,33,18,6,37,5,8,42,29,11,31,32,2,34,7,9,43,44,24,27,1,14,16,19,50,35,0,47,46,13,41,55,52,10,26
uid725	41,26,31,49,20,19,39,52,42,14,3,5,27,47,4,24,40,34,33,35,44,32,16,0,1,43,18,17,29,48,6,7,10,38
uid726	26,9,17,32,4,46
uid729	13,27,4,43,18,6,8,38,7,44,11,33
uid733	4,37,31,3,33,5,8,6,18,27,42,11,32,30,29,2,35,10,7,34,9,43,52,24,46,44,49,41,26,1,47,15,13,20,54,14,19,50,0
uid737	40,44,30,34,50,35,18,3,32,16,29,47,31,26,48,17,45,43,39,56,24,33
uid739	0,32,34,39,46,16,27,42,33,6,8,49,10,41,4,31,26,1,18,19,52,29,43,35,3,7,37,36,53,11,50,24,13,47,20,30,12,51,15
uid740	26,19,34,46,36,11,43,6,50,3,17,16,39,33,42,14,10,35,5,47,24,44,32,13,0,41,31,4,27
uid742	35,41,6,42,31,52,0,23,29,15,7,33,30,47,20,43,27,8,44,45,32,24,3,46,34,40,18,13,48,22,11,53,17,4,19,16,26,39,14,5,21,50
uid745	30,42,19,52,27,44,33,32,37,14,51,4,8,6,47,13,20,15,3,31,34,48,7,0,10,53,29,1,26,39,17,43
uid748	31,27,20,44,8,33,52,0,23,29,43,6,18,38,13,48,34,32,24,3,46,42,15,10,55,35,11,53,17,22,7,39,4,41,19,37,47,21,2,14,5,16,26,30,36,25
uid752	1,14,27,16,31,24,30,32,2,35,4,18,54,42,29,6,49,10,43,33,44,50
uid753	39,18,43,47,17,41,6,52,23,29,8,19,51,53,11,48,34,7,5,10,38,32,31,27,40,24,26,3,4,33,35,42,37,13,30,20,46,15,55
uid754	41,18,52,54,34,42,31,29,28,19,14,0,32,6,43,33,15,30,10,2,27,47,55,7,35,3,4,37,11,13,20,24,12,5,40,44,21,56,48,38,8,51,53,23,46,45,17
uid759	8,31,0,32,20,41,49,43,13,3,37,29,27,14,55,42,53,4,24,52,40,34,50,44,47,26,11,10,33,19,15
uid761	10,33,31,37,8,28,14,18,6,32,15,30,2,27,52,42,3,17,29,41,26,39,43,19,55,13,47,20,24,12,34,7,51,11,4,45,0,36,53,40
uid764	17,31,43,35,47,49,41,37,53,18,42,20,32,27,13,6,15,44
uid767	5,31,24,47,42,21,26,13,44,35,41,23,32,3,33,27,20,8,22,43,6,7,39,0,4,48
uid768	3,42,0,10,2,32,6
uid770	19,8,5,34,0,26,13,15,24,35,36,41,31,43,39,53,37,33,4,51,46,27,6,7,47,20,30,3,29,44,16,1,18,32,42
uid775	9,43,44,52,6,4,10,7,5,27,40,13,20,47,30,41,26,24,18,35,42,29
uid776	11,37,26,15,34,43,9,4,13,53,31,20,49,7,27,47,41,30,3,12,33,8,51,19,6
uid780	41,19,55,14,42,3,29,32,13,43,11,8,52,34,7,10,40,44,26,0,1,27,18,21,33,6
uid781	34,52,10,5,38,32,31,40,27,43,39,53,33,4,44,8,51,46,0,6,2,3,7,35,37,42,41,47,29,19,13,55
uid786	16,31,32,26,39,23,41,30,34,50,21,27,48,47,6,10,43,35,7,18,44,25,53
uid789	31,27,56,32,0,8,47,55,39,43,21,19,5,34,42,16,29,26,23,35,44,6,3,4,2,41,24,36,18,46,25,53
uid790	31,41,10,40,3,35,37,7,42,4,24,39,26,21,32,13
uid792	14,42,19,55,35,32,10,11,53,26,0,27,29,36,46,31,37,8,39,43,34
uid798	19,5,34,0,33,4,31,27,38,1,32,24,14,7,16,13,35,18,52,54,41,42,29,46,39,8,6,48,26,37
uid799	4,41,35,52,54,34,42,31,29,6,8,27,7,28,19,0,14,32,18,43,33,15,30,10,2,44,13,47,20,3,24,26,12,51,53,48,11,46,17,22,38
uid802	43,1,47,37,35,8,34,5,31,42,32,17,3,41,44,30,33,20,29,0,15,40,6,7,27,48,4,11,52
uid806	41,1,35,31,8,49,6,10,32,39,33,37,26,34,0,3,13,4,27,5,15,16,17,19
uid811	47,4,5,26,13,44,32,34,31,3,0
uid812	50,19,8,5,34,35,0,47,4,31,14,24,7,29,18,6,9,43,46,52,10,42,3,32,2,37,13,1,55,44
uid823	41,42,34,19,6,31,13,44,32,52,50,27,21,18,8,47,33,2,24,55,46,0,26,22,53
uid832	19,28,0,18,32,33,15,10,30,2,27,5,47,4,24,44,26,13,41,35
uid833	27,42,32,39,43,33,26,6,8,19,34,36,53,11,14,30,41,47,55,52
uid837	26,19,37,11,36,53,31,21,32,23,35,47,33,42,39,20,18,50,29
uid840	26,33,2,6,27,18,7,13,34,52,44
uid845	35,52,53,17,18,31,43,27,34,6,0,26,8,11,32,3,33,24,7,46
uid851	26,13,0,15,24,3,35,36,10,41,31,8,27,43,39,53,33,44,4,51,46,6,7,47,32,20,30,34,12,29,19,11,16,1,18,17,42,38,45,37
uid862	37,33,3,6,18,42,11,31,32,2,35,9,34,4,10
uid867	42,11,30,32,35,2,10,33,15,43,20,14,54,50,41,34,52,3,47,17,19
uid870	52,34,6,8,42,49,7,4,32,37,16,27,1,41,55,29,10,53,50,14,47,5,24,35,20
uid883	48,52,5,10,31,32,40,3,35,37,42,13,24,18,21,26,4
uid887	10,34,30,41,27,55,19,35,15,42,2,32,43,33,20,54,29,52,26,37,36,28,18,6,3,31,17,8,9,39,13,7,48
uid888	51,11,19,42,44,31,27,39,41,3,37,29,23,15,7,30,43,45,0,52,35,47,21,32,4,34,6,22,33,10,13,2,17,50
uid892	41,27,1,35,0,31,55,4,26,37,39,8,6,32,18,52,42,15,13,30,34,7,49,10
uid893	26,1,27,39,47,43,41,6,29,48,34,52,10,5,32,31,40,3,7,35,37,42,4,24,56,44,20,8,18,13,46,33,53
uid900	33,30,19,34,6,17,13,42,18,52,3,10,35,37,4,15,11,26,9,55,44,31,47,41,14,43,32,12,51,0
uid903	31,26,4,41,49,27,29,42,33,32,1,43,39,6,19,28,0,14,18,30,2
uid906	46,41,31,18,13,35,2,42,43,33,30,6,24,10,34,32,0,37,27,19,7,29,11,53,14,28,1,45,4,8,36
uid907	30,18,41,47,19,15,13,35,2,42,43,33,32,52,34,6,8,7,49,10,4,31,26,1,55,3,53,20
uid908	4,24,33,2,31,6,27,39,43,53,44,26,13,32,36,0,3,42,14
uid910	44,34,36,24,18,46,25,53,27,32
uid912	13,47,20,32,3,41,30,34,24,8,19,51,43,53,6,48,52,5,38,7,31,27,44,35,37,0,23,15
uid913	13,19,26,15,24,0,31
uid917	42,3,13,20,32,30,41,24,26,27,53,11,8,39,4,44,51,33
uid929	37,42,6,56,43,21,48,44,47,52,35,0,29,15,24,46,10,13,31,7,34,32,16,23,26,30,14
uid931	31,50,34,6,44,43,33,16,36,37,39,26,29,19,27,21,30,1,0,5
uid932	27,41,42,34,4,19,37,6,52,13,32,31,47,36,18,24,46,25,26,44,9,39,43
uid933	41,4,18,52,54,42,31,29,34,7,9,43,24,46,6,10,19,50,0,35,27,26,11,53,13,8,44,16,1,39,47,17
